[<F_CREATE_MONSTER>(0x72)<94>]2C 22 00 00 0C 38 1D 90 00 0C F3 BB 00 0C B0 FE 00 00 04 43 45 01 00 00 00 00 00 00 00 00 00 00 03 E8 00 00 00 01 4E 28 00 08 00 00 01 19 00 46 6F 75 6C 20 4E 75 72 67 6C 69 6E 67 5E 6D 00 01 0A 00 00 00 12 05 00 2C 22 73 BB 30 FE 1D 90 64 00 64 00 00 00 00 00 38 0C 2C 22 00 00 00 
[<F_CREATE_MONSTER>(0x72)<94>]24 05 FF 40 1F 00 00 90 00 0C F3 BB 00 0C B0 FE 00 00 04 43 45 01 00 00 00 00 00 00 00 00 00 00 03 E8 00 00 00 01 4E 28 00 08 00 00 01 19 00 46 6F 75 6C 20 4E 75 72 67 6C 69 6E 67 5E 6D 00 01 0A 00 00 00 12 05 00 2C 22 73 BB 30 FE 1D 90 64 00 64 00 00 00 00 00 38 0C 2C 22 00 00 00 
[<F_CREATE_MONSTER>(0x72)<143>]34 4D 01 13 07 32 1F F8 00 0D 0F C6 00 0C AE 68 00 00 05 37 34 02 78 00 00 00 00 00 00 00 04 00 03 E8 00 00 00 01 4E 29 00 06 00 00 01 19 00 44 77 61 72 66 65 6E 20 47 79 72 6F 63 6F 70 74 65 72 5E 6D 00 00 B4 01 0A 00 00 00 00 00 00 00 1A 23 00 34 4D 8F C6 2E 68 1F F8 64 21 64 00 00 00 00 00 13 01 00 6B 8F 50 2D F8 1F 64 34 4D 00 06 00 00 14 08 13 00 00 15 07 D3 00 00 16 07 D2 00 00 17 09 E6 00 00 18 07 D4 00 00 1C 07 D0 00 
[<F_CREATE_MONSTER>(0x72)<104>]33 2F 00 00 06 44 1F 0E 00 0C F8 D1 00 0C 9A 7E 00 00 04 09 32 01 00 00 00 00 00 00 00 00 00 00 03 E8 00 00 00 00 36 F7 00 08 00 00 01 19 00 52 65 73 74 6C 65 73 73 20 44 65 61 64 5E 66 00 01 0A 00 00 00 12 0F 00 33 2F 78 D1 1A 7E 1F 0E 64 00 64 00 00 00 00 00 44 06 33 2F 00 02 00 00 16 0A 9C 00 00 19 0A 9D 00 
[<F_CREATE_MONSTER>(0x72)<104>]23 88 00 02 00 00 16 0A 9C 00 00 19 0A 9D 00 A6 00 00 04 08 32 01 00 00 00 00 00 00 00 00 00 00 03 E8 00 00 00 00 37 03 00 00 00 00 01 19 00 52 65 73 74 6C 65 73 73 20 44 65 61 64 5E 6D 00 01 0A 00 00 00 12 0F 00 23 88 75 ED 1B A6 1F 70 64 00 64 00 00 00 00 00 E3 0A 23 88 00 02 00 00 16 0A 9C 00 00 19 0A 9D 00 
[<F_CREATE_MONSTER>(0x72)<138>]39 C4 01 13 04 FF 22 4A 00 0D 0F A6 00 0C 9F F3 00 CE 05 37 34 02 78 00 00 00 00 00 00 00 04 00 03 E8 00 00 00 01 4E 29 00 02 00 00 01 19 00 44 77 61 72 66 65 6E 20 47 79 72 6F 63 6F 70 74 65 72 5E 6D 00 00 B4 01 0A 00 00 00 00 00 00 00 1A 1E 00 39 C4 8F A6 1F F3 22 4A 64 21 64 00 00 00 00 00 13 01 33 04 87 63 1C 5F 29 64 39 C4 00 05 00 00 14 08 13 00 00 15 07 D3 00 00 16 07 D2 00 00 18 07 D4 00 00 1C 07 D0 00 
[<F_CREATE_MONSTER>(0x72)<94>]02 6B 00 00 03 D2 1D B3 00 0C F2 73 00 0C B2 72 00 00 04 43 42 01 00 00 00 00 00 00 00 00 00 00 03 E8 00 00 00 01 4E 28 00 01 00 00 01 19 00 46 6F 75 6C 20 4E 75 72 67 6C 69 6E 67 5E 6D 00 01 0A 00 00 00 12 05 00 02 6B 72 73 32 72 1D B3 64 00 64 00 00 00 00 00 D2 03 02 6B 00 00 00 
[<F_CREATE_MONSTER>(0x72)<94>]08 20 00 00 0C 4F 1D 90 00 0C F5 26 00 0C B2 DB 00 00 04 43 44 01 00 00 00 00 00 00 00 00 00 00 03 E8 00 00 00 01 4E 28 00 04 00 00 01 19 00 46 6F 75 6C 20 4E 75 72 67 6C 69 6E 67 5E 6D 00 01 0A 00 00 00 12 05 00 08 20 75 26 32 DB 1D 90 64 00 64 00 00 00 00 00 4F 0C 08 20 00 00 00 
[<F_CREATE_MONSTER>(0x72)<94>]01 A7 6D 22 2B 27 1F 66 64 00 64 00 00 00 00 08 E9 09 04 43 44 01 00 00 00 00 00 00 00 00 00 00 03 E8 00 00 00 01 4E 28 00 04 00 00 01 19 00 46 6F 75 6C 20 4E 75 72 67 6C 69 6E 67 5E 6D 00 01 0A 00 00 00 12 05 00 08 20 75 26 32 DB 1D 90 64 00 64 00 00 00 00 00 4F 0C 08 20 00 00 00 
[<F_CREATE_MONSTER>(0x72)<103>]25 DC 00 55 0E 1A 21 25 00 0C EA C1 00 0C A6 63 FF E1 05 58 28 02 A0 00 00 00 00 00 00 00 01 00 03 E8 00 00 00 00 37 FD 00 02 00 00 01 19 00 43 68 61 6F 73 20 46 75 72 79 5E 6D 00 00 00 00 08 01 0A 00 00 00 1A 05 00 25 DC 6A C1 26 63 21 25 64 21 64 00 00 00 00 08 55 00 87 14 6B BD 26 F7 20 64 25 DC 00 00 00 
[<F_CREATE_MONSTER>(0x72)<103>]01 A8 68 97 30 20 21 4E 64 01 64 00 00 00 00 08 EB 00 00 97 68 20 30 62 21 64 00 00 00 00 01 00 03 E8 00 00 00 00 37 FD 00 02 00 00 01 19 00 43 68 61 6F 73 20 46 75 72 79 5E 6D 00 00 00 00 08 01 0A 00 00 00 1A 05 00 25 DC 6A C1 26 63 21 25 64 21 64 00 00 00 00 08 55 00 87 14 6B BD 26 F7 20 64 25 DC 00 00 00 
[<F_CREATE_MONSTER>(0x72)<94>]08 FB 00 00 0C 5B 1D E7 00 0C F1 88 00 0C B3 39 00 00 04 43 21 01 00 00 00 00 00 00 00 00 00 00 03 E8 00 00 00 01 4E 27 00 06 00 00 01 19 00 46 6F 75 6C 20 4E 75 72 67 6C 69 6E 67 5E 6D 00 01 0A 00 00 00 12 05 00 08 FB 71 88 33 39 1D E7 64 00 64 00 00 00 00 00 5B 0C 08 FB 00 00 00 
[<F_CREATE_MONSTER>(0x72)<101>]36 44 00 55 0C F0 21 4A 00 0C EA E4 00 0C A6 01 FF FF 04 4A 32 02 A1 00 00 00 00 00 00 00 01 00 03 E8 00 00 00 00 37 FD 00 00 00 00 01 19 00 53 63 72 65 61 6D 65 72 5E 4D 00 00 00 00 08 01 0A 00 00 00 1A 05 00 36 44 6A E4 26 01 21 4A 64 21 64 00 00 00 00 08 55 00 80 7F 6B 3D 26 47 21 64 36 44 00 00 00 
[<F_CREATE_MONSTER>(0x72)<104>]01 D1 00 00 0A 7D 1F 1F 00 0C F7 E4 00 0C 9B 4B 00 00 04 09 32 01 00 00 00 00 00 00 00 00 00 00 03 E8 00 00 00 00 37 03 00 03 00 00 01 19 00 52 65 73 74 6C 65 73 73 20 44 65 61 64 5E 66 00 01 0A 00 00 00 12 0F 00 01 D1 77 E4 1B 4B 1F 1F 64 00 64 00 00 00 00 00 7D 0A 01 D1 00 02 00 00 16 0A 9C 00 00 19 0A 9D 00 
[<F_CREATE_MONSTER>(0x72)<114>]03 1E 00 EB 09 CF 1D 65 00 0D 00 08 00 0C A5 83 00 00 04 09 32 01 00 00 00 00 00 00 00 00 00 00 03 E8 00 00 00 00 36 F7 00 07 00 00 01 19 00 52 65 73 74 6C 65 73 73 20 44 65 61 64 5E 66 00 01 0A 00 00 00 1C 0F 00 03 1E 80 08 25 83 1D 65 2E 03 64 00 00 00 00 00 EB 00 00 82 80 A2 23 80 1D 64 E9 18 03 1E 00 02 00 00 16 0A 9C 00 00 19 0A 9D 00 
[<F_CREATE_MONSTER>(0x72)<94>]2E 44 00 00 03 1C 1D 80 00 0C F4 74 00 0C B2 C3 00 00 04 43 35 01 00 00 00 00 00 00 00 00 00 00 03 E8 00 00 00 01 4E 28 00 05 00 00 01 19 00 46 6F 75 6C 20 4E 75 72 67 6C 69 6E 67 5E 6D 00 01 0A 00 00 00 12 05 00 2E 44 74 74 32 C3 1D 80 64 00 64 00 00 00 00 00 1C 03 2E 44 00 00 00 
[<F_CREATE_MONSTER>(0x72)<104>]09 51 00 00 0C 44 1F 2F 00 0C F6 65 00 0C 9A DD 00 00 04 08 32 01 00 00 00 00 00 00 00 00 00 00 03 E8 00 00 00 00 37 03 00 04 00 00 01 19 00 52 65 73 74 6C 65 73 73 20 44 65 61 64 5E 6D 00 01 0A 00 00 00 12 0F 00 09 51 76 65 1A DD 1F 2F 64 00 64 00 00 00 00 00 44 0C 09 51 00 02 00 00 16 0A 9C 00 00 19 0A 9D 00 
[<F_CREATE_MONSTER>(0x72)<94>]25 97 00 00 0C 4F 1D 90 00 0C F5 1C 00 0C B2 E7 00 00 04 43 29 01 00 00 00 00 00 00 00 00 00 00 03 E8 00 00 00 01 4E 28 00 04 00 00 01 19 00 46 6F 75 6C 20 4E 75 72 67 6C 69 6E 67 5E 6D 00 01 0A 00 00 00 12 05 00 25 97 75 1C 32 E7 1D 90 64 00 64 00 00 00 00 00 4F 0C 25 97 00 00 00 
[<F_CREATE_STATIC>(0x71)<50>]00 34 00 00 0E AA 18 B0 00 0D 0E B0 00 0C BF 11 01 6F 1E 00 00 00 36 BE 00 01 20 00 00 00 00 00 39 84 AC 1E 00 00 00 00 08 4B 69 6E 64 6C 69 6E 67 00 
[<F_CREATE_STATIC>(0x71)<52>]10 C0 00 00 0D A4 1E 8F 00 0D 00 D1 00 0C 9B D4 02 5E 1E 00 00 00 39 E7 00 00 04 00 00 00 00 00 39 78 EC 5F 00 00 00 00 0A 47 72 61 76 65 73 74 6F 6E 65 00 
[<F_CREATE_STATIC>(0x71)<55>]03 07 00 00 0B 49 19 87 00 0D 02 01 00 0C B4 A8 11 90 1E 42 00 00 C7 0A 00 00 04 00 00 00 00 00 00 03 5E F0 00 00 00 00 07 4D 61 69 6C 62 6F 78 00 61 6E 6E 6F 6E 00 
[<F_CREATE_MONSTER>(0x72)<151>]01 1F 00 00 0D 90 18 99 00 0D 0E 29 00 0C BD 8D 00 00 04 C6 32 02 81 00 00 00 00 00 00 00 01 00 03 E8 00 00 00 00 37 3B 00 08 00 00 01 19 00 52 61 76 65 6E 20 42 72 65 61 6B 65 72 5E 6D 00 00 00 80 00 01 0A 00 00 00 14 38 00 01 1F 8E 29 3D 8D 18 99 5B 02 64 00 00 00 80 00 90 0D 7D 0E 01 1F 00 07 00 00 0A 07 14 00 00 0B 07 75 01 00 14 0A D2 00 34 00 00 01 00 15 0A D4 00 35 00 34 01 00 16 0A D3 00 34 00 00 01 00 18 0A D5 00 34 00 00 00 00 1C 0A D1 00 
[<F_CREATE_MONSTER>(0x72)<144>]34 A6 00 00 02 D8 19 30 00 0D 0E F6 00 0C AD EA 00 00 04 C2 32 02 40 00 00 00 00 00 00 00 00 00 03 E8 00 00 00 00 39 09 00 01 00 00 01 19 00 45 6D 70 69 72 65 20 53 70 65 61 72 6D 61 6E 5E 6D 00 01 0A 00 00 00 12 35 00 34 A6 8E F6 2D EA 19 30 64 00 64 00 00 00 00 00 D8 02 34 A6 00 08 00 00 0A 05 45 00 00 0B 07 32 01 00 14 0C 1D 00 1F 00 9E 00 00 15 0C 1F 00 00 16 0C 1E 00 00 18 0C 22 01 00 19 0C 21 00 1F 00 9E 00 00 1C 0C 23 00 
[<F_CREATE_MONSTER>(0x72)<104>]0B 09 00 55 09 3F 1D DE 00 0D 05 C4 00 0C 9E 41 00 00 04 08 32 01 00 00 00 00 00 00 00 00 00 00 03 E8 00 00 00 00 36 F4 00 08 00 00 01 19 00 52 65 73 74 6C 65 73 73 20 44 65 61 64 5E 6D 00 01 0A 00 00 00 12 0F 00 0B 09 85 C4 1E 41 1D DE 64 00 64 00 00 00 00 00 3F 09 0B 09 00 02 00 00 16 0A 9C 00 00 19 0A 9D 00 
[<F_CREATE_MONSTER>(0x72)<112>]31 EF 00 55 0B 33 1E 53 00 0D 01 55 00 0C 9D 24 00 00 04 08 32 01 00 00 00 00 00 00 00 00 00 00 03 E8 00 00 00 00 36 F7 00 02 00 00 01 19 00 52 65 73 74 6C 65 73 73 20 44 65 61 64 5E 6D 00 01 0A 00 00 00 1A 0F 00 31 EF 81 55 1D 24 1E 53 64 01 64 00 00 00 00 00 55 00 00 25 82 D0 1D 3E 1E 64 31 EF 00 02 00 00 16 0A 9C 00 00 19 0A 9D 00 
[<F_CREATE_MONSTER>(0x72)<104>]1B 18 00 55 0D B3 1E E0 00 0D 00 EF 00 0C 9A 60 00 00 04 09 32 01 00 00 00 00 00 00 00 00 00 00 03 E8 00 00 00 00 36 F4 00 09 00 00 01 19 00 52 65 73 74 6C 65 73 73 20 44 65 61 64 5E 66 00 01 0A 00 00 00 12 0F 00 1B 18 80 EF 1A 60 1E E0 64 00 64 00 00 00 00 00 B3 0D 1B 18 00 02 00 00 16 0A 9C 00 00 19 0A 9D 00 
[<F_CREATE_MONSTER>(0x72)<169>]02 EF 00 00 0E 61 19 34 00 0D 0E 0E 00 0C AC B0 00 00 04 C6 37 37 83 00 00 00 00 00 00 00 01 00 03 E8 00 00 00 00 39 6F 00 00 00 00 02 12 19 00 52 61 76 65 6E 20 57 61 72 20 42 72 65 61 6B 65 72 5E 6D 00 00 00 80 00 01 0A 00 00 00 14 45 00 02 EF 8E 0E 2C B0 19 34 64 02 64 00 00 00 80 00 61 0E A6 34 02 EF 00 08 00 00 0A 07 18 00 00 0B 07 78 01 00 14 0A DE 00 34 00 00 01 00 15 0A E0 00 34 00 00 01 00 16 0A DF 00 34 00 00 01 00 17 16 DE 00 34 00 00 01 00 18 16 DB 00 34 00 00 01 00 1C 0A DD 00 34 00 00 00 
[<F_CREATE_MONSTER>(0x72)<104>]2A A6 00 55 0C CA 1E 93 00 0D 01 96 00 0C 9B FD 00 00 04 09 32 01 00 00 00 00 00 00 00 00 00 00 03 E8 00 00 00 00 36 F7 00 09 00 00 01 19 00 52 65 73 74 6C 65 73 73 20 44 65 61 64 5E 66 00 01 0A 00 00 00 12 0F 00 2A A6 81 96 1B FD 1E 93 64 00 64 00 00 00 00 00 CA 0C 2A A6 00 02 00 00 16 0A 9C 00 00 19 0A 9D 00 
[<F_CREATE_MONSTER>(0x72)<104>]07 D6 00 EB 0C 74 20 67 00 0C EC 0B 00 0C A6 CD FF C6 04 48 32 02 80 00 00 00 00 00 00 00 01 00 03 E8 00 00 00 00 37 FD 00 03 00 00 01 19 00 50 69 6E 6B 20 48 6F 72 72 6F 72 5E 6D 00 00 00 00 08 01 0A 00 00 00 1A 05 00 07 D6 6C 0B 26 CD 20 67 64 01 64 00 00 00 00 08 EB 00 8E BC 6C ED 26 3A 20 64 07 D6 00 00 00 
[<F_CREATE_MONSTER>(0x72)<112>]0A EB 00 55 0A 31 1E 1E 00 0D 01 0F 00 0C 9E 8D 00 00 04 09 32 01 00 00 00 00 00 00 00 00 00 00 03 E8 00 00 00 00 36 F4 00 05 00 00 01 19 00 52 65 73 74 6C 65 73 73 20 44 65 61 64 5E 66 00 01 0A 00 00 00 1A 0F 00 0A EB 81 0F 1E 8D 1E 1E 64 01 64 00 00 00 00 00 55 00 00 0F 81 8D 1E 1E 1E 64 0A EB 00 02 00 00 16 0A 9C 00 00 19 0A 9D 00 
[<F_CREATE_MONSTER>(0x72)<103>]2D 03 00 00 04 C1 18 BB 00 0D 0D F7 00 0C B9 61 00 00 07 2A 32 02 40 00 00 00 00 23 00 00 00 00 03 E8 00 00 00 00 36 C9 00 05 00 00 01 19 00 54 68 6F 72 73 68 61 66 6E 20 43 69 74 69 7A 65 6E 5E 6D 00 01 0A 00 00 00 12 0A 00 2D 03 8D F7 39 61 18 BB 64 00 64 00 00 00 00 00 C1 04 2D 03 00 01 00 00 0A 21 E8 00 
[<F_CREATE_MONSTER>(0x72)<104>]21 50 00 00 04 A6 18 B8 00 0D 0E AB 00 0C B9 E4 00 00 07 2A 32 02 40 00 00 00 00 00 00 00 00 00 03 E8 00 00 00 00 00 00 00 05 00 00 02 03 19 00 54 68 6F 72 73 68 61 66 6E 20 43 69 74 69 7A 65 6E 5E 6D 00 01 0A 00 00 00 12 0A 00 21 50 8E AB 39 E4 18 B8 00 00 64 00 00 00 00 00 A6 04 21 50 00 01 00 00 0B 14 F5 00 
[<F_CREATE_MONSTER>(0x72)<105>]16 9C 00 00 01 09 1D 40 00 0D 02 0D 00 0C A4 F9 00 00 04 09 32 01 00 00 00 00 00 00 00 00 00 00 03 E8 00 00 00 00 00 00 00 05 00 00 02 03 19 00 52 65 73 74 6C 65 73 73 20 44 65 61 64 5E 66 00 01 0A 00 00 00 12 0F 00 16 9C 82 0D 24 F9 1D 40 00 00 64 00 00 00 00 00 09 01 16 9C 00 02 00 00 16 0A 9C 00 00 19 0A 9D 00 
[<F_CREATE_MONSTER>(0x72)<143>]28 70 01 13 07 C8 22 6E 00 0D 19 C7 00 0C 9E DC 00 D8 05 37 34 02 78 00 00 00 00 00 00 00 04 00 03 E8 00 00 00 01 4E 29 00 04 00 00 01 19 00 44 77 61 72 66 65 6E 20 47 79 72 6F 63 6F 70 74 65 72 5E 6D 00 00 B4 01 0A 00 00 00 00 00 00 00 1A 23 00 28 70 99 C7 1E DC 22 6E 64 21 64 00 00 00 00 00 13 01 36 DD 98 2B 14 E5 2A 64 28 70 00 06 00 00 14 08 13 00 00 15 07 D3 00 00 16 07 D2 00 00 17 09 E6 00 00 18 07 D4 00 00 1C 07 D0 00 
[<F_CREATE_MONSTER>(0x72)<104>]14 3C 00 00 01 11 1D 3C 00 0D 01 D7 00 0C A5 5A 00 00 04 08 32 01 00 00 00 00 00 00 00 00 00 00 03 E8 00 00 00 00 36 F7 00 05 00 00 01 19 00 52 65 73 74 6C 65 73 73 20 44 65 61 64 5E 6D 00 01 0A 00 00 00 12 0F 00 14 3C 81 D7 25 5A 1D 3C 64 00 64 00 00 00 00 00 11 01 14 3C 00 02 00 00 16 0A 9C 00 00 19 0A 9D 00 
[<F_CREATE_MONSTER>(0x72)<143>]2E 57 01 13 05 E8 20 AF 00 0D 1D EA 00 0C A5 58 FF 9B 05 37 34 02 78 00 00 00 00 00 00 00 04 00 03 E8 00 00 00 01 4E 29 00 01 00 00 01 19 00 44 77 61 72 66 65 6E 20 47 79 72 6F 63 6F 70 74 65 72 5E 6D 00 00 B4 01 0A 00 00 00 00 00 00 00 1A 23 00 2E 57 9D EA 25 58 20 AF 64 21 64 00 00 00 00 00 13 01 99 62 9C EB 23 C8 1F 64 2E 57 00 06 00 00 14 08 13 00 00 15 07 D3 00 00 16 07 D2 00 00 17 09 E6 00 00 18 07 D4 00 00 1C 07 D0 00 
[<F_CREATE_MONSTER>(0x72)<104>]34 3E 00 55 0C DB 1D 40 00 0D 05 17 00 0C A3 70 00 00 04 08 32 01 00 00 00 00 00 00 00 00 00 00 03 E8 00 00 00 00 36 F7 00 04 00 00 01 19 00 52 65 73 74 6C 65 73 73 20 44 65 61 64 5E 6D 00 01 0A 00 00 00 12 0F 00 34 3E 85 17 23 70 1D 40 64 00 64 00 00 00 00 00 DB 0C 34 3E 00 02 00 00 16 0A 9C 00 00 19 0A 9D 00 
[<F_CREATE_MONSTER>(0x72)<144>]2A 8A 00 00 00 4F 18 B1 00 0D 0F AC 00 0C B9 8C 00 00 04 C2 32 02 40 00 00 00 00 00 00 00 00 00 03 E8 00 00 00 00 36 B6 00 00 00 00 01 19 00 45 6D 70 69 72 65 20 53 70 65 61 72 6D 61 6E 5E 6D 00 01 0A 00 00 00 12 35 00 2A 8A 8F AC 39 8C 18 B1 64 00 64 00 00 00 00 00 4F 00 2A 8A 00 08 00 00 0A 05 45 00 00 0B 05 5B 01 00 14 0C 1D 00 1F 00 9E 00 00 15 0C 1F 00 00 16 0C 1E 00 00 18 0C 22 01 00 19 0C 21 00 1F 00 9E 00 00 1C 0C 23 00 
[<F_CREATE_MONSTER>(0x72)<132>]00 18 00 00 0C 44 19 8D 00 0D 06 EB 00 0C B4 23 00 00 04 C6 32 02 81 00 00 00 00 00 00 00 01 00 03 E8 00 00 00 00 35 7F 00 00 00 00 01 19 00 57 61 72 20 4D 65 72 63 68 61 6E 74 5E 6D 00 00 00 00 03 01 0A 00 00 00 12 28 00 00 18 86 EB 34 23 19 8D 64 00 64 00 00 00 00 03 44 0C 00 18 00 07 00 00 14 09 B7 00 00 15 09 BB 00 00 16 09 B6 00 00 17 09 BC 00 00 18 09 B9 00 00 19 09 BA 00 00 1C 09 B8 00 
[<F_CREATE_MONSTER>(0x72)<138>]09 4E 02 AC 0F 4E 09 00 5C 17 4E 09 00 0C A5 AA FF 9E 05 37 34 02 78 00 00 00 00 00 00 00 04 00 03 E8 00 00 00 01 4E 29 00 02 00 00 01 19 00 44 77 61 72 66 65 6E 20 47 79 72 6F 63 6F 70 74 65 72 5E 6D 00 00 B4 01 0A 00 00 00 00 00 00 00 1A 1E 00 09 4E 9C 44 25 AA 21 2E 64 21 64 00 00 00 00 00 13 01 98 72 9A 07 24 2E 20 64 09 4E 00 05 00 00 14 08 13 00 00 15 07 D3 00 00 16 07 D2 00 00 18 07 D4 00 00 1C 07 D0 00 
[<F_CREATE_MONSTER>(0x72)<128>]00 20 00 00 03 6C 1D 88 00 0D 01 8A 00 0C A2 C9 00 00 06 9B 32 02 80 00 00 00 00 00 00 00 01 00 03 E8 00 00 00 00 36 B0 00 05 00 00 03 18 19 1C 00 4B 61 6C 74 69 72 61 20 74 68 65 20 44 61 65 6D 6F 6E 63 61 6C 6C 65 72 5E 46 00 00 00 00 03 02 28 01 0A 00 00 00 12 14 00 00 20 81 8A 22 C9 1D 88 64 00 64 00 00 00 00 03 6C 03 00 20 00 03 00 00 0A 05 8C 00 00 14 0A A0 00 00 16 0A A1 00 
[<F_CREATE_MONSTER>(0x72)<105>]25 44 00 00 0E 0F 1D 58 00 0D 00 52 00 0C A6 C3 00 00 04 09 32 01 00 00 00 00 00 00 00 00 00 00 03 E8 00 00 00 00 00 00 00 07 00 00 02 03 19 00 52 65 73 74 6C 65 73 73 20 44 65 61 64 5E 66 00 01 0A 00 00 00 12 0F 00 25 44 80 52 26 C3 1D 58 00 00 64 00 00 00 00 00 0F 0E 25 44 00 02 00 00 16 0A 9C 00 00 19 0A 9D 00 
[<F_CREATE_MONSTER>(0x72)<103>]29 22 00 00 0C E3 18 B9 00 0D 0A 35 00 0C BE BD 00 00 06 05 32 02 40 00 00 00 00 23 00 00 00 00 03 E8 00 00 00 00 36 BD 00 00 00 00 01 19 00 54 68 6F 72 73 68 61 66 6E 20 43 69 74 69 7A 65 6E 5E 66 00 01 0A 00 00 00 12 0A 00 29 22 8A 35 3E BD 18 B9 64 00 64 00 00 00 00 00 E3 0C 29 22 00 01 00 00 0B 14 F6 00 
[<F_CREATE_MONSTER>(0x72)<104>]27 92 00 00 0A 3E 1C AE 00 0C E7 E5 00 0C 94 8C 00 00 04 50 32 01 00 00 00 00 00 00 00 00 00 00 03 E8 00 00 00 00 37 02 00 00 00 00 02 18 19 00 41 77 61 6B 65 6E 65 64 20 53 70 69 72 69 74 5E 6D 00 04 CD 01 0A 00 00 00 12 0A 00 27 92 67 E5 14 8C 1C AE 64 00 64 00 00 00 00 00 3E 0A 27 92 00 01 00 00 0A 07 9E 00 
[<F_CREATE_MONSTER>(0x72)<104>]2F E2 00 00 0E 11 1F 3D 00 0C F7 1D 00 0C 9D BE 00 00 04 09 32 01 00 00 00 00 00 00 00 00 00 00 03 E8 00 00 00 00 37 03 00 01 00 00 01 19 00 52 65 73 74 6C 65 73 73 20 44 65 61 64 5E 66 00 01 0A 00 00 00 12 0F 00 2F E2 77 1D 1D BE 1F 3D 64 00 64 00 00 00 00 00 11 0E 2F E2 00 02 00 00 16 0A 9C 00 00 19 0A 9D 00 
[<F_CREATE_STATIC>(0x71)<50>]00 35 00 00 05 99 18 AC 00 0D 0E 09 00 0C C0 9F 01 6F 1E 00 00 00 36 BE 00 02 20 00 00 00 00 00 39 84 BC A0 00 00 00 00 08 4B 69 6E 64 6C 69 6E 67 00 
[<F_CREATE_STATIC>(0x71)<55>]07 FC 00 00 02 0B 18 A0 00 0D 0C FC 00 0C C2 B9 00 10 1E 00 00 00 36 D4 00 01 20 00 00 00 00 00 39 86 64 00 00 00 00 00 0D 53 65 63 75 72 65 64 20 43 68 65 73 74 00 
[<F_CREATE_MONSTER>(0x72)<97>]33 86 00 55 0F B4 18 83 00 0C FF D4 00 0C CC 97 00 00 04 B3 2F 02 00 00 00 00 00 00 00 00 01 00 03 E8 00 00 00 00 36 FE 00 07 00 00 01 19 00 53 74 61 67 5E 6D 00 00 00 00 08 01 0A 00 00 00 1A 05 00 33 86 7F D4 4C 97 18 83 64 01 64 00 00 00 00 08 55 00 00 22 80 A8 4C 95 18 64 33 86 00 00 00 
[<F_CREATE_MONSTER>(0x72)<103>]25 1A 00 00 09 FF 19 84 00 0D 07 6A 00 0C C9 4C 00 00 06 05 32 02 40 00 00 00 00 23 00 00 00 00 03 E8 00 00 00 00 36 C9 00 06 00 00 01 19 00 54 68 6F 72 73 68 61 66 6E 20 43 69 74 69 7A 65 6E 5E 66 00 01 0A 00 00 00 12 0A 00 25 1A 87 6A 49 4C 19 84 64 00 64 00 00 00 00 00 FF 09 25 1A 00 01 00 00 0B 14 F6 00 
[<F_CREATE_MONSTER>(0x72)<103>]28 3C 00 00 05 1C 18 A4 00 0D 0B 3B 00 0C C4 62 00 00 06 05 32 02 40 00 00 00 00 00 00 00 00 00 03 E8 00 00 00 00 36 BD 00 08 00 00 01 19 00 54 68 6F 72 73 68 61 66 6E 20 43 69 74 69 7A 65 6E 5E 66 00 01 0A 00 00 00 12 0A 00 28 3C 8B 3B 44 62 18 A4 64 00 64 00 00 00 00 00 1C 05 28 3C 00 01 00 00 0B 14 F6 00 
[<F_CREATE_MONSTER>(0x72)<89>]1C 8F 00 55 06 85 18 65 00 0D 04 B6 00 0C CE 0D 00 00 04 B3 2E 01 00 00 00 00 00 00 00 00 01 00 03 E8 00 00 00 00 36 FE 00 02 00 00 01 19 00 53 74 61 67 5E 6D 00 00 00 00 08 01 0A 00 00 00 12 05 00 1C 8F 84 B6 4E 0D 18 65 64 00 64 00 00 00 00 08 85 06 1C 8F 00 00 00 
[<F_CREATE_MONSTER>(0x72)<94>]2F A9 00 00 06 66 1D 78 00 0C F5 4C 00 0C B4 86 00 00 04 43 20 01 00 00 00 00 00 00 00 00 00 00 03 E8 00 00 00 01 4E 28 00 03 00 00 01 19 00 46 6F 75 6C 20 4E 75 72 67 6C 69 6E 67 5E 6D 00 01 0A 00 00 00 12 05 00 2F A9 75 4C 34 86 1D 78 64 00 64 00 00 00 00 00 66 06 2F A9 00 00 00 
[<F_CREATE_MONSTER>(0x72)<103>]2D B7 00 00 00 9F 19 84 00 0D 07 84 00 0C C9 0B 00 00 07 2A 32 02 40 00 00 00 00 23 00 00 00 00 03 E8 00 00 00 00 36 C9 00 07 00 00 01 19 00 54 68 6F 72 73 68 61 66 6E 20 43 69 74 69 7A 65 6E 5E 6D 00 01 0A 00 00 00 12 0A 00 2D B7 87 84 49 0B 19 84 64 00 64 00 00 00 00 00 9F 00 2D B7 00 01 00 00 0B 14 F5 00 
[<F_CREATE_MONSTER>(0x72)<144>]1D BF 00 00 06 00 19 86 00 0D 07 20 00 0C C6 93 00 00 04 C2 32 02 40 00 00 00 00 00 00 00 00 00 03 E8 00 00 00 00 36 B7 00 04 00 00 01 19 00 45 6D 70 69 72 65 20 53 70 65 61 72 6D 61 6E 5E 6D 00 01 0A 00 00 00 12 35 00 1D BF 87 20 46 93 19 86 64 00 64 00 00 00 00 00 00 06 1D BF 00 08 00 00 0A 05 45 00 00 0B 05 5C 01 00 14 0C 1D 00 1F 00 9E 00 00 15 0C 1F 00 00 16 0C 1E 00 00 18 0C 22 01 00 19 0C 21 00 1F 00 9E 00 00 1C 0C 23 00 
[<F_CREATE_MONSTER>(0x72)<143>]14 E9 01 13 02 C3 1F 94 00 0D 19 C1 00 0C A3 A8 00 2B 05 37 34 02 78 00 00 00 00 00 00 00 04 00 03 E8 00 00 00 01 4E 29 00 07 00 00 01 19 00 44 77 61 72 66 65 6E 20 47 79 72 6F 63 6F 70 74 65 72 5E 6D 00 00 B4 01 0A 00 00 00 00 00 00 00 1A 23 00 14 E9 99 C1 23 A8 1F 94 64 21 64 00 00 00 00 00 13 01 0A BD 90 69 28 33 21 64 14 E9 00 06 00 00 14 08 13 00 00 15 07 D3 00 00 16 07 D2 00 00 17 09 E6 00 00 18 07 D4 00 00 1C 07 D0 00 
[<F_CREATE_MONSTER>(0x72)<138>]37 2F 01 13 02 F9 1F E2 00 0D 1E F9 00 0C A3 F0 00 00 05 37 34 02 78 00 00 00 00 00 00 00 04 00 03 E8 00 00 00 01 4E 29 00 05 00 00 01 19 00 44 77 61 72 66 65 6E 20 47 79 72 6F 63 6F 70 74 65 72 5E 6D 00 00 B4 01 0A 00 00 00 00 00 00 00 1A 1E 00 37 2F 9E F9 23 F0 1F E2 64 21 64 00 00 00 00 00 13 01 00 40 96 A8 27 E2 1F 64 37 2F 00 05 00 00 14 08 13 00 00 15 07 D3 00 00 16 07 D2 00 00 18 07 D4 00 00 1C 07 D0 00 
[<F_CREATE_MONSTER>(0x72)<94>]20 42 00 00 0C 4F 1D 90 00 0C F5 23 00 0C B2 DC 00 00 04 43 33 01 00 00 00 00 00 00 00 00 00 00 03 E8 00 00 00 01 4E 28 00 04 00 00 01 19 00 46 6F 75 6C 20 4E 75 72 67 6C 69 6E 67 5E 6D 00 01 0A 00 00 00 12 05 00 20 42 75 23 32 DC 1D 90 64 00 64 00 00 00 00 00 4F 0C 20 42 00 00 00 
[<F_CREATE_MONSTER>(0x72)<94>]3B 00 FF 40 1F 80 6E A2 BE 60 9F 0D 19 C0 0C 32 00 00 04 43 33 01 00 00 00 00 00 00 00 00 00 00 03 E8 00 00 00 01 4E 28 00 04 00 00 01 19 00 46 6F 75 6C 20 4E 75 72 67 6C 69 6E 67 5E 6D 00 01 0A 00 00 00 12 05 00 20 42 75 23 32 DC 1D 90 64 00 64 00 00 00 00 00 4F 0C 20 42 00 00 00 
[<F_CREATE_MONSTER>(0x72)<94>]2A D7 00 00 0C 38 1D 8D 00 0C F3 D6 00 0C B1 0E 00 00 04 43 2C 01 00 00 00 00 00 00 00 00 00 00 03 E8 00 00 00 01 4E 28 00 08 00 00 01 19 00 46 6F 75 6C 20 4E 75 72 67 6C 69 6E 67 5E 6D 00 01 0A 00 00 00 12 05 00 2A D7 73 D6 31 0E 1D 8D 64 00 64 00 00 00 00 00 38 0C 2A D7 00 00 00 
[<F_CREATE_MONSTER>(0x72)<94>]5A 03 FF 40 1F 80 B6 29 AA 60 F2 0C 99 BC 0C 32 00 00 04 43 2C 01 00 00 00 00 00 00 00 00 00 00 03 E8 00 00 00 01 4E 28 00 08 00 00 01 19 00 46 6F 75 6C 20 4E 75 72 67 6C 69 6E 67 5E 6D 00 01 0A 00 00 00 12 05 00 2A D7 73 D6 31 0E 1D 8D 64 00 64 00 00 00 00 00 38 0C 2A D7 00 00 00 
[<F_CREATE_MONSTER>(0x72)<104>]01 01 00 00 0C B3 06 00 21 01 00 B3 0C 01 00 0A 58 E1 05 58 28 02 A0 00 00 00 00 00 00 00 01 00 03 E8 00 00 00 00 37 FD 00 02 00 00 01 19 00 43 68 61 6F 73 20 46 75 72 79 5E 6D 00 00 00 00 08 01 0A 00 00 00 1A 05 00 19 44 6A C1 26 63 21 25 64 21 64 00 00 00 00 08 55 00 87 14 6B BD 26 F7 20 64 19 44 00 00 00 00 
[<F_CREATE_MONSTER>(0x72)<94>]00 0C 00 00 03 1C 1D 80 00 0C F4 60 00 0C B2 DF 00 00 04 43 33 01 00 00 00 00 00 00 00 00 00 00 03 E8 00 00 00 01 4E 28 00 05 00 00 01 19 00 46 6F 75 6C 20 4E 75 72 67 6C 69 6E 67 5E 6D 00 01 0A 00 00 00 12 05 00 00 0C 74 60 32 DF 1D 80 64 00 64 00 00 00 00 00 1C 03 00 0C 00 00 00 
[<F_CREATE_MONSTER>(0x72)<101>]0C 96 00 55 0C F0 21 4A 00 0C EA E4 00 0C A6 01 FF FF 04 4A 32 02 A1 00 00 00 00 00 00 00 01 00 03 E8 00 00 00 00 37 FD 00 00 00 00 01 19 00 53 63 72 65 61 6D 65 72 5E 4D 00 00 00 00 08 01 0A 00 00 00 1A 05 00 0C 96 6A E4 26 01 21 4A 64 21 64 00 00 00 00 08 55 00 80 7F 6B 3D 26 47 21 64 0C 96 00 00 00 
[<F_CREATE_MONSTER>(0x72)<143>]19 6F 01 13 05 E3 20 62 00 0D 1B B2 00 0C A7 85 00 35 05 37 34 02 78 00 00 00 00 00 00 00 04 00 03 E8 00 00 00 01 4E 29 00 00 00 00 01 19 00 44 77 61 72 66 65 6E 20 47 79 72 6F 63 6F 70 74 65 72 5E 6D 00 00 B4 01 0A 00 00 00 00 00 00 00 1A 23 00 19 6F 9B B2 27 85 20 62 64 21 64 00 00 00 00 00 13 01 0D 58 92 F7 1E DD 22 64 19 6F 00 06 00 00 14 08 13 00 00 15 07 D3 00 00 16 07 D2 00 00 17 07 D5 00 00 18 07 D4 00 00 1C 07 D0 00 
[<F_CREATE_MONSTER>(0x72)<94>]33 48 00 00 08 0B 1D 7D 00 0C F4 35 00 0C B3 E0 00 00 04 43 3D 01 00 00 00 00 00 00 00 00 00 00 03 E8 00 00 00 01 4E 28 00 07 00 00 01 19 00 46 6F 75 6C 20 4E 75 72 67 6C 69 6E 67 5E 6D 00 01 0A 00 00 00 12 05 00 33 48 74 35 33 E0 1D 7D 64 00 64 00 00 00 00 00 0B 08 33 48 00 00 00 
[<F_CREATE_MONSTER>(0x72)<152>]1A 34 00 EB 05 3A 19 0C 00 0D 0B 4D 00 0C BA 1A 00 00 04 C2 32 02 40 00 00 00 00 00 00 00 00 00 03 E8 00 00 00 00 39 08 00 00 00 00 01 19 00 45 6D 70 69 72 65 20 53 70 65 61 72 6D 61 6E 5E 6D 00 01 0A 00 00 00 1A 35 00 1A 34 8B 4D 3A 1A 19 0C 64 01 64 00 00 00 00 00 EB 00 00 F4 8A EC 39 26 19 64 1A 34 00 08 00 00 0A 05 45 00 00 0B 05 5C 01 00 14 0C 1D 00 1F 00 9E 00 00 15 0C 1F 00 00 16 0C 1E 00 00 18 0C 22 01 00 19 0C 21 00 1F 00 9E 00 00 1C 0C 23 00 
[<F_CREATE_MONSTER>(0x72)<104>]1D 81 00 00 0C 00 1D 68 00 0C FF D2 00 0C A6 A9 00 00 04 08 32 01 00 00 00 00 00 00 00 00 00 00 03 E8 00 00 00 00 36 F7 00 07 00 00 01 19 00 52 65 73 74 6C 65 73 73 20 44 65 61 64 5E 6D 00 01 0A 00 00 00 12 0F 00 1D 81 7F D2 26 A9 1D 68 64 00 64 00 00 00 00 00 00 0C 1D 81 00 02 00 00 16 0A 9C 00 00 19 0A 9D 00 
[<F_CREATE_MONSTER>(0x72)<94>]0E 63 00 00 03 D2 1D BC 00 0C F2 5A 00 0C B2 8A 00 00 04 43 28 01 00 00 00 00 00 00 00 00 00 00 03 E8 00 00 00 01 4E 28 00 01 00 00 01 19 00 46 6F 75 6C 20 4E 75 72 67 6C 69 6E 67 5E 6D 00 01 0A 00 00 00 12 05 00 0E 63 72 5A 32 8A 1D BC 64 00 64 00 00 00 00 00 D2 03 0E 63 00 00 00 
[<F_CREATE_MONSTER>(0x72)<94>]18 BF 1B 00 00 00 00 00 00 00 F2 5A 00 0C B2 8A 00 00 04 43 28 01 00 00 00 00 00 00 00 00 00 00 03 E8 00 00 00 01 4E 28 00 01 00 00 01 19 00 46 6F 75 6C 20 4E 75 72 67 6C 69 6E 67 5E 6D 00 01 0A 00 00 00 12 05 00 0E 63 72 5A 32 8A 1D BC 64 00 64 00 00 00 00 00 D2 03 0E 63 00 00 00 
[<F_CREATE_MONSTER>(0x72)<138>]32 D1 01 13 05 AB 22 75 00 0D 1A 4B 00 0C AD 66 FF B7 05 37 34 02 78 00 00 00 00 00 00 00 04 00 03 E8 00 00 00 01 4E 29 00 08 00 00 01 19 00 44 77 61 72 66 65 6E 20 47 79 72 6F 63 6F 70 74 65 72 5E 6D 00 00 B4 01 0A 00 00 00 00 00 00 00 1A 1E 00 32 D1 9A 4B 2D 66 22 75 64 21 64 00 00 00 00 00 13 01 92 D9 92 AB 27 F3 1F 64 32 D1 00 05 00 00 14 08 13 00 00 15 07 D3 00 00 16 07 D2 00 00 18 07 D4 00 00 1C 07 D0 00 
[<F_CREATE_MONSTER>(0x72)<143>]11 AA 01 13 04 FD 23 E2 00 0D 1F CF 00 0C AB AE FF 7D 05 37 34 02 78 00 00 00 00 00 00 00 04 00 03 E8 00 00 00 01 4E 29 00 03 00 00 01 19 00 44 77 61 72 66 65 6E 20 47 79 72 6F 63 6F 70 74 65 72 5E 6D 00 00 B4 01 0A 00 00 00 00 00 00 00 1A 23 00 11 AA 9F CF 2B AE 23 E2 64 21 64 00 00 00 00 00 13 01 A0 31 97 26 28 72 1F 64 11 AA 00 06 00 00 14 08 13 00 00 15 07 D3 00 00 16 07 D2 00 00 17 09 E6 00 00 18 07 D4 00 00 1C 07 D0 00 
[<F_CREATE_MONSTER>(0x72)<94>]1E 23 00 00 0C 4F 1D 90 00 0C F5 32 00 0C B2 DC 00 00 04 43 43 01 00 00 00 00 00 00 00 00 00 00 03 E8 00 00 00 01 4E 28 00 04 00 00 01 19 00 46 6F 75 6C 20 4E 75 72 67 6C 69 6E 67 5E 6D 00 01 0A 00 00 00 12 05 00 1E 23 75 32 32 DC 1D 90 64 00 64 00 00 00 00 00 4F 0C 1E 23 00 00 00 
[<F_CREATE_MONSTER>(0x72)<94>]36 06 4A 00 0C 4F 1D 90 00 0C F5 32 00 0C B2 DC 00 00 04 43 43 01 00 00 00 00 00 00 00 00 00 00 03 E8 00 00 00 01 4E 28 00 04 00 00 01 19 00 46 6F 75 6C 20 4E 75 72 67 6C 69 6E 67 5E 6D 00 01 0A 00 00 00 12 05 00 1E 23 75 32 32 DC 1D 90 64 00 64 00 00 00 00 00 4F 0C 1E 23 00 00 00 
[<F_CREATE_MONSTER>(0x72)<94>]2B 3F 00 00 0A 66 1D DC 00 0C F1 1A 00 0C B2 97 00 00 04 43 28 01 00 00 00 00 00 00 00 00 00 00 03 E8 00 00 00 01 4E 28 00 09 00 00 01 19 00 46 6F 75 6C 20 4E 75 72 67 6C 69 6E 67 5E 6D 00 01 0A 00 00 00 12 05 00 2B 3F 71 1A 32 97 1D DC 64 00 64 00 00 00 00 00 66 0A 2B 3F 00 00 00 
[<F_CREATE_MONSTER>(0x72)<154>]06 B8 00 EB 05 74 18 9C 00 0D 0F F3 00 0C C5 30 00 00 04 C2 32 02 40 00 00 00 00 00 00 00 00 00 03 E8 00 00 00 00 36 B6 00 06 00 00 01 19 00 45 6D 70 69 72 65 20 53 70 65 61 72 6D 61 6E 5E 6D 00 01 0A 00 00 00 1C 35 00 06 B8 8F F3 45 30 18 9C 3D 03 64 00 00 00 00 00 EB 00 00 0A 92 67 48 68 19 64 0D 39 06 B8 00 08 00 00 0A 05 45 00 00 0B 05 5C 01 00 14 0C 1D 00 1F 00 9E 00 00 15 0C 1F 00 00 16 0C 1E 00 00 18 0C 22 01 00 19 0C 21 00 1F 00 9E 00 00 1C 0C 23 00 
[<F_CREATE_MONSTER>(0x72)<143>]04 60 01 13 05 DE 21 51 00 0D 1C 88 00 0C A5 E8 FF 9E 05 37 34 02 78 00 00 00 00 00 00 00 04 00 03 E8 00 00 00 01 4E 29 00 02 00 00 01 19 00 44 77 61 72 66 65 6E 20 47 79 72 6F 63 6F 70 74 65 72 5E 6D 00 00 B4 01 0A 00 00 00 00 00 00 00 1A 23 00 04 60 9C 88 25 E8 21 51 64 21 64 00 00 00 00 00 13 01 98 72 9A 07 24 2E 20 64 04 60 00 06 00 00 14 08 13 00 00 15 07 D3 00 00 16 07 D2 00 00 17 09 E6 00 00 18 07 D4 00 00 1C 07 D0 00 
[<F_CREATE_MONSTER>(0x72)<94>]2B F1 00 00 03 D2 1D B9 00 0C F2 5A 00 0C B2 6F 00 00 04 43 38 01 00 00 00 00 00 00 00 00 00 00 03 E8 00 00 00 01 4E 28 00 01 00 00 01 19 00 46 6F 75 6C 20 4E 75 72 67 6C 69 6E 67 5E 6D 00 01 0A 00 00 00 12 05 00 2B F1 72 5A 32 6F 1D B9 64 00 64 00 00 00 00 00 D2 03 2B F1 00 00 00 
[<F_CREATE_MONSTER>(0x72)<94>]39 0D 8F 95 46 09 18 D3 64 12 64 00 00 00 00 00 DC 05 68 3A 01 00 0A 00 00 00 00 00 00 00 00 00 03 E8 00 00 00 01 4E 28 00 01 00 00 01 19 00 46 6F 75 6C 20 4E 75 72 67 6C 69 6E 67 5E 6D 00 01 0A 00 00 00 12 05 00 2B F1 72 5A 32 6F 1D B9 64 00 64 00 00 00 00 00 D2 03 2B F1 00 00 00 
[<F_CREATE_MONSTER>(0x72)<103>]1E 83 00 55 0E 1A 21 25 00 0C EA C1 00 0C A6 63 FF E1 05 58 28 02 A0 00 00 00 00 00 00 00 01 00 03 E8 00 00 00 00 37 FD 00 02 00 00 01 19 00 43 68 61 6F 73 20 46 75 72 79 5E 6D 00 00 00 00 08 01 0A 00 00 00 1A 05 00 1E 83 6A C1 26 63 21 25 64 21 64 00 00 00 00 08 55 00 87 14 6B BD 26 F7 20 64 1E 83 00 00 00 
[<F_CREATE_MONSTER>(0x72)<94>]38 A5 00 00 06 00 1D F1 00 0C F2 A8 00 0C B3 5B 00 00 04 43 45 01 00 00 00 00 00 00 00 00 00 00 03 E8 00 00 00 01 4E 27 00 09 00 00 01 19 00 46 6F 75 6C 20 4E 75 72 67 6C 69 6E 67 5E 6D 00 01 0A 00 00 00 12 05 00 38 A5 72 A8 33 5B 1D F1 64 00 64 00 00 00 00 00 00 06 38 A5 00 00 00 
[<F_CREATE_MONSTER>(0x72)<94>]00 00 23 00 00 00 00 08 41 66 72 69 63 61 6E 00 00 15 52 61 6E 64 6F 6D 20 77 61 73 20 74 68 65 20 70 6F 69 6E 74 00 00 00 09 00 00 01 19 00 46 6F 75 6C 20 4E 75 72 67 6C 69 6E 67 5E 6D 00 01 0A 00 00 00 12 05 00 38 A5 72 A8 33 5B 1D F1 64 00 64 00 00 00 00 00 00 06 38 A5 00 00 00 
[<F_CREATE_MONSTER>(0x72)<112>]28 28 00 55 03 55 1D 66 00 0D 06 E2 00 0C A1 A7 00 00 04 09 32 01 00 00 00 00 00 00 00 00 00 00 03 E8 00 00 00 00 36 F7 00 01 00 00 01 19 00 52 65 73 74 6C 65 73 73 20 44 65 61 64 5E 66 00 01 0A 00 00 00 1A 0F 00 28 28 86 E2 21 A7 1D 66 64 01 64 00 00 00 00 00 55 00 00 11 87 BF 21 60 1D 64 28 28 00 02 00 00 16 0A 9C 00 00 19 0A 9D 00 
[<F_CREATE_MONSTER>(0x72)<101>]36 3C 00 55 0C F0 21 4A 00 0C EA E4 00 0C A6 01 FF FF 04 4A 32 02 A1 00 00 00 00 00 00 00 01 00 03 E8 00 00 00 00 37 FD 00 00 00 00 01 19 00 53 63 72 65 61 6D 65 72 5E 4D 00 00 00 00 08 01 0A 00 00 00 1A 05 00 36 3C 6A E4 26 01 21 4A 64 21 64 00 00 00 00 08 55 00 80 7F 6B 3D 26 47 21 64 36 3C 00 00 00 
[<F_CREATE_MONSTER>(0x72)<94>]2D 5A 00 00 0C 2D 1D DF 00 0C F0 0A 00 0C B1 BE 00 00 04 43 2A 01 00 00 00 00 00 00 00 00 00 00 03 E8 00 00 00 01 4E 27 00 01 00 00 01 19 00 46 6F 75 6C 20 4E 75 72 67 6C 69 6E 67 5E 6D 00 01 0A 00 00 00 12 05 00 2D 5A 70 0A 31 BE 1D DF 64 00 64 00 00 00 00 00 2D 0C 2D 5A 00 00 00 
[<F_CREATE_MONSTER>(0x72)<94>]01 3A 01 90 00 FA 00 FA 02 80 0E 10 00 0C B1 BE 00 00 04 43 2A 01 00 00 00 00 00 00 00 00 00 00 03 E8 00 00 00 01 4E 27 00 01 00 00 01 19 00 46 6F 75 6C 20 4E 75 72 67 6C 69 6E 67 5E 6D 00 01 0A 00 00 00 12 05 00 2D 5A 70 0A 31 BE 1D DF 64 00 64 00 00 00 00 00 2D 0C 2D 5A 00 00 00 
[<F_CREATE_MONSTER>(0x72)<143>]39 6C 01 13 07 C8 22 6E 00 0D 1A D0 00 0C AA EC 00 00 05 37 34 02 78 00 00 00 00 00 00 00 04 00 03 E8 00 00 00 01 4E 29 00 04 00 00 01 19 00 44 77 61 72 66 65 6E 20 47 79 72 6F 63 6F 70 74 65 72 5E 6D 00 00 B4 01 0A 00 00 00 00 00 00 00 1A 23 00 39 6C 9A D0 2A EC 22 6E 64 21 64 00 00 00 00 00 13 01 00 C7 99 DC 1E 6E 22 64 39 6C 00 06 00 00 14 08 13 00 00 15 07 D3 00 00 16 07 D2 00 00 17 09 E6 00 00 18 07 D4 00 00 1C 07 D0 00 
[<F_CREATE_MONSTER>(0x72)<104>]39 3D 00 00 0C 22 1D 44 00 0D 05 07 00 0C A3 58 00 00 04 09 32 01 00 00 00 00 00 00 00 00 00 00 03 E8 00 00 00 00 36 F7 00 04 00 00 01 19 00 52 65 73 74 6C 65 73 73 20 44 65 61 64 5E 66 00 01 0A 00 00 00 12 0F 00 39 3D 85 07 23 58 1D 44 64 00 64 00 00 00 00 00 22 0C 39 3D 00 02 00 00 16 0A 9C 00 00 19 0A 9D 00 
[<F_CREATE_MONSTER>(0x72)<104>]39 EE 00 00 01 11 1D 3B 00 0D 01 D4 00 0C A6 06 00 00 04 08 32 01 00 00 00 00 00 00 00 00 00 00 03 E8 00 00 00 00 36 F7 00 05 00 00 01 19 00 52 65 73 74 6C 65 73 73 20 44 65 61 64 5E 6D 00 01 0A 00 00 00 12 0F 00 39 EE 81 D4 26 06 1D 3B 64 00 64 00 00 00 00 00 11 01 39 EE 00 02 00 00 16 0A 9C 00 00 19 0A 9D 00 
[<F_CREATE_MONSTER>(0x72)<94>]2D 69 00 00 0A 66 1D DB 00 0C F1 25 00 0C B2 9B 00 00 04 43 26 01 00 00 00 00 00 00 00 00 00 00 03 E8 00 00 00 01 4E 28 00 09 00 00 01 19 00 46 6F 75 6C 20 4E 75 72 67 6C 69 6E 67 5E 6D 00 01 0A 00 00 00 12 05 00 2D 69 71 25 32 9B 1D DB 64 00 64 00 00 00 00 00 66 0A 2D 69 00 00 00 
[<F_CREATE_MONSTER>(0x72)<143>]19 C7 00 00 00 00 14 08 13 00 00 15 07 D3 00 00 16 07 D2 00 00 17 09 E6 00 00 18 07 D4 00 00 1C 07 D0 00 00 00 01 4E 29 00 06 00 00 01 19 00 44 77 61 72 66 65 6E 20 47 79 72 6F 63 6F 70 74 65 72 5E 6D 00 00 B4 01 0A 00 00 00 00 00 00 00 1A 23 00 34 4D 97 71 35 29 20 2E 64 21 64 00 00 00 00 00 13 01 81 E4 8F C3 2E F8 1F 64 34 4D 00 06 00 00 14 08 13 00 00 15 07 D3 00 00 16 07 D2 00 00 17 09 E6 00 00 18 07 D4 00 00 1C 07 D0 00 
[<F_CREATE_MONSTER>(0x72)<143>]12 CD 01 13 05 AB 22 5D 00 0D 1A 03 00 0C AD 2E FF B7 05 37 34 02 78 00 00 00 00 00 00 00 04 00 03 E8 00 00 00 01 4E 29 00 08 00 00 01 19 00 44 77 61 72 66 65 6E 20 47 79 72 6F 63 6F 70 74 65 72 5E 6D 00 00 B4 01 0A 00 00 00 00 00 00 00 1A 23 00 12 CD 9A 03 2D 2E 22 5D 64 21 64 00 00 00 00 00 13 01 92 D9 92 AB 27 F3 1F 64 12 CD 00 06 00 00 14 08 13 00 00 15 07 D3 00 00 16 07 D2 00 00 17 07 D5 00 00 18 07 D4 00 00 1C 07 D0 00 
[<F_CREATE_MONSTER>(0x72)<104>]36 D3 00 00 0C 00 1F 26 00 0C FE C4 00 0C 97 2C 00 00 04 09 32 01 00 00 00 00 00 00 00 00 00 00 03 E8 00 00 00 00 37 03 00 05 00 00 01 19 00 52 65 73 74 6C 65 73 73 20 44 65 61 64 5E 66 00 01 0A 00 00 00 12 0F 00 36 D3 7E C4 17 2C 1F 26 64 00 64 00 00 00 00 00 00 0C 36 D3 00 02 00 00 16 0A 9C 00 00 19 0A 9D 00 
[<F_CREATE_STATIC>(0x71)<59>]02 95 00 00 00 00 1D 78 00 0D 09 51 00 0C 9F 97 FF FF 1E 00 00 00 38 AD 00 04 04 00 00 00 00 00 00 03 5E F0 00 00 00 00 0D 43 65 6D 65 74 65 72 79 20 47 61 74 65 04 06 4C 1B E8 
[<F_CREATE_STATIC>(0x71)<59>]0C A4 2B B8 01 00 1D 78 00 0D 09 51 00 0C 9F 97 FF FF 1E 00 00 00 38 AD 00 04 04 00 00 00 00 00 00 03 5E F0 00 00 00 00 0D 43 65 6D 65 74 65 72 79 20 47 61 74 65 04 06 4C 1B E8 
[<F_CREATE_MONSTER>(0x72)<105>]33 3A 00 00 06 80 1E 42 00 0D 01 2F 00 0C 9D 77 00 00 04 09 32 01 00 00 00 00 00 00 00 00 00 00 03 E8 00 00 00 00 00 00 00 02 00 00 02 03 19 00 52 65 73 74 6C 65 73 73 20 44 65 61 64 5E 66 00 01 0A 00 00 00 12 0F 00 33 3A 81 2F 1D 77 1E 42 00 00 64 00 00 00 00 00 80 06 33 3A 00 02 00 00 16 0A 9C 00 00 19 0A 9D 00 
[<F_CREATE_MONSTER>(0x72)<104>]13 5D 00 00 0D A4 1D 78 00 0C FE E5 00 0C A4 DD 00 00 04 09 32 01 00 00 00 00 00 00 00 00 00 00 03 E8 00 00 00 00 36 F4 00 07 00 00 01 19 00 52 65 73 74 6C 65 73 73 20 44 65 61 64 5E 66 00 01 0A 00 00 00 12 0F 00 13 5D 7E E5 24 DD 1D 78 64 00 64 00 00 00 00 00 A4 0D 13 5D 00 02 00 00 16 0A 9C 00 00 19 0A 9D 00 
[<F_CREATE_MONSTER>(0x72)<104>]29 35 00 00 0E 6E 1E E9 00 0C FA DD 00 0C 9C 69 00 00 04 09 32 01 00 00 00 00 00 00 00 00 00 00 03 E8 00 00 00 00 36 F4 00 02 00 00 01 19 00 52 65 73 74 6C 65 73 73 20 44 65 61 64 5E 66 00 01 0A 00 00 00 12 0F 00 29 35 7A DD 1C 69 1E E9 64 00 64 00 00 00 00 00 6E 0E 29 35 00 02 00 00 16 0A 9C 00 00 19 0A 9D 00 
[<F_CREATE_MONSTER>(0x72)<112>]1D 7E 00 02 00 00 16 0A 9C 00 00 19 0A 9D 00 06 00 00 04 08 32 01 00 00 00 00 00 00 00 00 00 00 03 E8 00 00 00 00 37 03 00 02 00 00 01 19 00 52 65 73 74 6C 65 73 73 20 44 65 61 64 5E 6D 00 01 0A 00 00 00 1A 0F 00 1D 7E 78 CF 1E 06 1F 15 64 01 64 00 00 00 00 00 55 00 00 C9 78 0A 1E 18 1F 64 1D 7E 00 02 00 00 16 0A 9C 00 00 19 0A 9D 00 
[<F_CREATE_MONSTER>(0x72)<112>]18 57 00 55 09 E4 1E FC 00 0C FB E1 00 0C 98 5A 00 00 04 08 32 01 00 00 00 00 00 00 00 00 00 00 03 E8 00 00 00 00 36 F7 00 00 00 00 01 19 00 52 65 73 74 6C 65 73 73 20 44 65 61 64 5E 6D 00 01 0A 00 00 00 1A 0F 00 18 57 7B E1 18 5A 1E FC 64 01 64 00 00 00 00 00 55 00 00 E4 7B 3D 18 FC 1E 64 18 57 00 02 00 00 16 0A 9C 00 00 19 0A 9D 00 
[<F_CREATE_MONSTER>(0x72)<143>]2F 7D 01 13 04 FD 23 B6 00 0D 1F 70 00 0C AB 87 FF 7D 05 37 34 02 78 00 00 00 00 00 00 00 04 00 03 E8 00 00 00 01 4E 29 00 03 00 00 01 19 00 44 77 61 72 66 65 6E 20 47 79 72 6F 63 6F 70 74 65 72 5E 6D 00 00 B4 01 0A 00 00 00 00 00 00 00 1A 23 00 2F 7D 9F 70 2B 87 23 B6 64 21 64 00 00 00 00 00 13 01 A0 31 97 26 28 72 1F 64 2F 7D 00 06 00 00 14 08 13 00 00 15 07 D3 00 00 16 07 D2 00 00 17 07 D5 00 00 18 07 D4 00 00 1C 07 D0 00 
[<F_CREATE_MONSTER>(0x72)<112>]32 81 00 55 0D F4 1E 32 00 0C F5 32 00 0C 93 6F 00 00 04 50 32 01 00 00 00 00 00 00 00 00 00 00 03 E8 00 00 00 00 36 F8 00 00 00 00 02 18 19 00 41 77 61 6B 65 6E 65 64 20 53 70 69 72 69 74 5E 6D 00 04 CD 01 0A 00 00 00 1A 0A 00 32 81 75 32 13 6F 1E 32 64 01 64 00 00 00 00 00 55 00 00 39 75 74 13 32 1E 64 32 81 00 01 00 00 0A 07 9E 00 
[<F_CREATE_MONSTER>(0x72)<104>]35 61 00 00 00 54 1F 33 00 0C FA D3 00 0C 95 E5 00 00 04 09 32 01 00 00 00 00 00 00 00 00 00 00 03 E8 00 00 00 00 36 F4 00 04 00 00 01 19 00 52 65 73 74 6C 65 73 73 20 44 65 61 64 5E 66 00 01 0A 00 00 00 12 0F 00 35 61 7A D3 15 E5 1F 33 64 00 64 00 00 00 00 00 54 00 35 61 00 02 00 00 16 0A 9C 00 00 19 0A 9D 00 
[<F_CREATE_MONSTER>(0x72)<104>]22 96 00 00 08 38 1E AD 00 0D 00 CE 00 0C 9B 4A 00 00 04 08 32 01 00 00 00 00 00 00 00 00 00 00 03 E8 00 00 00 00 36 F7 00 09 00 00 01 19 00 52 65 73 74 6C 65 73 73 20 44 65 61 64 5E 6D 00 01 0A 00 00 00 12 0F 00 22 96 80 CE 1B 4A 1E AD 64 00 64 00 00 00 00 00 38 08 22 96 00 02 00 00 16 0A 9C 00 00 19 0A 9D 00 
[<F_CREATE_MONSTER>(0x72)<104>]2A 09 00 00 0C 00 1D 5A 00 0D 00 49 00 0C A6 D0 00 00 04 09 32 01 00 00 00 00 00 00 00 00 00 00 03 E8 00 00 00 00 36 F7 00 07 00 00 01 19 00 52 65 73 74 6C 65 73 73 20 44 65 61 64 5E 66 00 01 0A 00 00 00 12 0F 00 2A 09 80 49 26 D0 1D 5A 64 00 64 00 00 00 00 00 00 0C 2A 09 00 02 00 00 16 0A 9C 00 00 19 0A 9D 00 
[<F_CREATE_MONSTER>(0x72)<152>]0C DC 00 55 03 69 18 6D 00 0D 0F C3 00 0C B6 2E 00 00 04 C2 32 02 40 00 00 00 00 00 00 00 00 00 03 E8 00 00 00 00 36 B6 00 07 00 00 01 19 00 45 6D 70 69 72 65 20 53 70 65 61 72 6D 61 6E 5E 6D 00 01 0A 00 00 00 1A 35 00 0C DC 8F C3 36 2E 18 6D 64 01 64 00 00 00 00 00 55 00 00 3E 8F 4E 36 9F 18 64 0C DC 00 08 00 00 0A 05 45 00 00 0B 07 32 01 00 14 0C 1D 00 1F 00 9E 00 00 15 0C 1F 00 00 16 0C 1E 00 00 18 0C 22 01 00 19 0C 21 00 1F 00 9E 00 00 1C 0C 23 00 
[<F_CREATE_MONSTER>(0x72)<136>]01 10 00 00 03 49 18 6C 00 0D 0F E3 00 0C BB BC 00 00 04 C4 32 02 81 00 00 00 00 00 00 00 01 00 03 E8 00 00 00 00 37 3A 00 01 00 00 01 19 00 52 61 76 65 6E 20 53 61 70 70 65 72 5E 6D 00 00 00 80 00 01 0A 00 00 00 12 2C 00 01 10 8F E3 3B BC 18 6C 64 00 64 00 00 00 80 00 49 03 01 10 00 07 00 00 0A 07 8C 00 00 14 0B CC 00 00 15 0C 1F 00 00 16 0B CE 00 00 18 0B CF 00 00 19 0C 7A 01 00 1C 0B D0 00 36 00 35 00 
[<F_CREATE_MONSTER>(0x72)<97>]39 89 00 EB 01 71 18 50 00 0D 0F A2 00 0C BC C6 00 00 00 88 32 03 80 00 00 00 00 00 00 00 00 00 00 00 00 00 00 00 00 00 00 00 00 00 01 19 00 53 71 75 69 67 00 01 0A 00 39 0D 1A 0A 00 39 89 8F A2 3C C6 18 50 64 01 64 01 00 00 00 00 EB 00 00 1F 8F 93 3D 6D 18 64 39 89 00 01 00 00 0A 00 00 00 
[<F_CREATE_MONSTER>(0x72)<113>]02 B3 00 EB 08 4E 18 8E 00 0D 0C B6 00 0C BF DF 00 00 06 05 32 02 40 00 00 00 00 00 00 00 00 00 03 E8 00 00 00 00 36 BD 00 02 00 00 01 19 00 54 68 6F 72 73 68 61 66 6E 20 43 69 74 69 7A 65 6E 5E 66 00 01 0A 00 00 00 1C 0A 00 02 B3 8C B6 3F DF 18 8E 2A 03 64 00 00 00 00 00 EB 00 00 CF 8C 0E 3F 90 18 64 8A 09 02 B3 00 01 00 00 0B 14 F6 00 
[<F_CREATE_MONSTER>(0x72)<104>]05 8C 00 EB 0C 74 20 67 00 0C EC 0B 00 0C A6 CD FF C6 04 48 32 02 80 00 00 00 00 00 00 00 01 00 03 E8 00 00 00 00 37 FD 00 03 00 00 01 19 00 50 69 6E 6B 20 48 6F 72 72 6F 72 5E 6D 00 00 00 00 08 01 0A 00 00 00 1A 05 00 05 8C 6C 0B 26 CD 20 67 64 01 64 00 00 00 00 08 EB 00 8E BC 6C ED 26 3A 20 64 05 8C 00 00 00 
[<F_CREATE_MONSTER>(0x72)<105>]11 D5 00 00 01 49 1E 32 00 0C F4 A1 00 0C 91 BE 00 00 04 50 32 01 00 00 00 00 00 00 00 00 00 00 03 E8 00 00 00 00 00 00 00 01 00 00 03 03 18 19 00 41 77 61 6B 65 6E 65 64 20 53 70 69 72 69 74 5E 6D 00 04 CD 01 0A 00 00 00 12 0A 00 11 D5 74 A1 11 BE 1E 32 00 00 64 00 00 00 00 00 49 01 11 D5 00 01 00 00 0A 07 9E 00 
[<F_CREATE_MONSTER>(0x72)<91>]EA 04 FF 40 1F 00 00 66 00 0C ED 22 00 0C AB 27 00 00 04 3B 36 02 00 00 00 00 00 00 00 00 09 00 03 E8 00 00 00 00 37 FB 00 08 00 00 01 19 00 52 61 76 65 6E 5E 6D 00 00 00 00 08 02 01 0A 00 00 00 12 05 00 01 A7 6D 22 2B 27 1F 66 64 00 64 00 00 00 00 08 E9 09 01 A7 00 00 00 
[<F_CREATE_MONSTER>(0x72)<91>]09 02 FF 40 1F 80 E8 67 22 E1 EA 0C 19 C6 0C 32 00 00 04 3B 33 02 00 00 00 00 00 00 00 00 09 00 03 E8 00 00 00 00 37 FB 00 03 00 00 01 19 00 52 61 76 65 6E 5E 6D 00 00 00 00 08 02 01 0A 00 00 00 12 05 00 01 A8 68 97 30 20 21 4E 64 00 64 00 00 00 00 08 CC 00 01 A8 00 00 00 
[<F_CREATE_MONSTER>(0x72)<103>]15 3C 00 EB 04 E3 19 AB 00 0D 1F 4B 00 0C BD 58 00 00 07 2A 32 02 40 00 00 00 00 23 00 00 00 00 03 E8 00 00 00 00 37 3C 00 00 00 00 01 19 00 54 68 6F 72 73 68 61 66 6E 20 43 69 74 69 7A 65 6E 5E 6D 00 01 0A 00 00 00 12 0A 00 15 3C 9F 4B 3D 58 19 AB 64 00 64 00 00 00 00 00 E3 04 15 3C 00 01 00 00 0A 21 E8 00 
[<F_CREATE_STATIC>(0x71)<50>]00 33 00 00 0B 49 18 8D 00 0D 10 9D 00 0C BA 52 01 6F 1E 00 00 00 36 BE 00 00 20 00 00 00 00 00 39 82 D0 B6 00 00 00 00 08 4B 69 6E 64 6C 69 6E 67 00 
[<F_CREATE_STATIC>(0x71)<55>]06 2C 00 00 0D 49 19 88 00 0D 15 CD 00 0C BC FF 00 10 1E 00 00 00 38 F1 00 02 20 00 00 00 00 00 35 DA B1 10 00 00 00 00 0D 53 65 63 75 72 65 64 20 43 68 65 73 74 00 
[<F_CREATE_MONSTER>(0x72)<91>]11 ED 00 EB 0C E3 18 5E 00 0D 13 BD 00 0C B0 53 00 00 04 3B 32 02 00 00 00 00 00 00 00 00 09 00 03 E8 00 00 00 00 36 FD 00 01 00 00 01 19 00 52 61 76 65 6E 5E 6D 00 00 00 00 08 02 01 0A 00 00 00 12 05 00 11 ED 93 BD 30 53 18 5E 64 00 64 00 00 00 00 08 E3 0C 11 ED 00 00 00 
[<F_CREATE_MONSTER>(0x72)<136>]14 85 00 00 07 3E 19 AD 00 0D 1F 49 00 0C BA CA 00 00 04 C2 32 02 40 00 00 00 00 00 00 00 00 00 03 E8 00 00 00 00 37 39 00 02 00 00 01 19 00 45 6D 70 69 72 65 20 48 61 6C 62 65 72 64 69 65 72 5E 6D 00 01 0A 00 00 00 12 2B 00 14 85 9F 49 3A CA 19 AD 64 00 64 00 00 00 00 00 3E 07 14 85 00 06 00 00 0A 05 C1 01 00 14 0C 16 00 1F 00 9E 00 00 15 0C 18 00 00 16 0C 17 01 00 19 0C 1A 00 1F 00 9E 00 00 1C 09 B8 00 
[<F_CREATE_MONSTER>(0x72)<143>]11 3F 01 13 07 6E 24 C6 00 0D 29 A0 00 0C B1 DB 00 67 05 37 34 02 78 00 00 00 00 00 00 00 04 00 03 E8 00 00 00 01 4E 29 00 05 00 00 01 19 00 44 77 61 72 66 65 6E 20 47 79 72 6F 63 6F 70 74 65 72 5E 6D 00 00 B4 01 0A 00 00 00 00 00 00 00 1A 23 00 11 3F A9 A0 31 DB 24 C6 64 21 64 00 00 00 00 00 13 01 19 BD A8 F2 2D 49 26 64 11 3F 00 06 00 00 14 08 13 00 00 15 07 D3 00 00 16 07 D2 00 00 17 07 D5 00 00 18 07 D4 00 00 1C 07 D0 00 
[<F_CREATE_MONSTER>(0x72)<130>]03 1C 00 00 06 00 24 C6 00 0D 2B 9C 00 0C B4 7D 00 00 05 37 34 02 58 00 00 00 00 00 00 00 04 00 03 E8 00 00 00 01 4E 29 00 09 00 00 01 19 00 44 77 61 72 66 65 6E 20 47 79 72 6F 63 6F 70 74 65 72 5E 6D 00 00 B4 01 0A 00 00 00 00 00 00 00 12 1E 00 03 1C AB 9C 34 7D 24 C6 64 00 64 00 00 00 00 00 00 06 03 1C 00 05 00 00 14 08 13 00 00 15 07 D3 00 00 16 07 D2 00 00 18 07 D4 00 00 1C 07 D0 00 
[<F_CREATE_MONSTER>(0x72)<103>]0E 33 00 55 09 AD 1E 38 00 0D 1A 54 00 0C 9D AC 00 00 04 56 3C 02 00 00 00 00 00 00 00 00 00 00 03 E8 00 00 00 00 37 FA 00 09 00 00 01 19 00 54 75 73 6B 67 6F 72 5E 6D 00 01 0A 00 00 00 12 14 00 0E 33 9A 54 1D AC 1E 38 64 00 64 00 00 00 00 00 AD 09 0E 33 00 03 00 00 16 0C 6F 00 00 19 0C 6E 00 00 1A 0C 70 00 
[<F_CREATE_MONSTER>(0x72)<111>]18 DD 00 55 0B 37 1E 18 00 0D 1C 84 00 0C 9E 55 00 00 04 56 3C 02 00 00 00 00 00 00 00 00 00 00 03 E8 00 00 00 00 37 FA 00 04 00 00 01 19 00 54 75 73 6B 67 6F 72 5E 6D 00 01 0A 00 00 00 1A 14 00 18 DD 9C 84 1E 55 1E 18 64 01 64 00 00 00 00 00 55 00 00 9B 9C 5B 1E 18 1E 64 18 DD 00 03 00 00 16 0C 6F 00 00 19 0C 6E 00 00 1A 0C 70 00 
[<F_CREATE_MONSTER>(0x72)<137>]1A EF 00 00 02 BA 18 6C 00 0D 10 92 00 0C BB 5D 00 00 04 C2 32 02 40 00 00 00 00 00 00 00 00 00 03 E8 00 00 00 00 00 00 00 01 00 00 02 03 19 00 45 6D 70 69 72 65 20 48 61 6C 62 65 72 64 69 65 72 5E 6D 00 01 0A 00 00 00 12 2B 00 1A EF 90 92 3B 5D 18 6C 00 00 64 08 00 00 00 00 BA 02 1A EF 00 06 00 00 0A 05 C1 01 00 14 0C 16 00 1F 00 9E 00 00 15 0C 18 00 00 16 0C 17 01 00 19 0C 1A 00 1F 00 9E 00 00 1C 09 B8 00 
[<F_CREATE_MONSTER>(0x72)<104>]2D 8F 00 00 0B 33 1E 45 00 0D 00 C6 00 0C 9D 55 00 00 04 08 32 01 00 00 00 00 00 00 00 00 00 00 03 E8 00 00 00 00 36 F7 00 02 00 00 01 19 00 52 65 73 74 6C 65 73 73 20 44 65 61 64 5E 6D 00 01 0A 00 00 00 12 0F 00 2D 8F 80 C6 1D 55 1E 45 64 00 64 00 00 00 00 00 33 0B 2D 8F 00 02 00 00 16 0A 9C 00 00 19 0A 9D 00 
[<F_CREATE_MONSTER>(0x72)<138>]37 1D 00 00 02 C5 19 91 00 0D 1F E3 00 0C B9 0D 00 00 04 C2 32 02 40 00 00 00 00 00 00 00 00 00 03 E8 00 00 00 00 37 38 00 03 00 00 01 19 00 45 6D 70 69 72 65 20 48 61 6C 62 65 72 64 69 65 72 5E 6D 00 01 0A 00 00 00 14 2B 00 37 1D 9F E3 39 0D 19 91 4B 02 64 00 00 00 00 00 C5 02 18 01 37 1D 00 06 00 00 0A 05 C1 01 00 14 0C 16 00 1F 00 9E 00 00 15 0C 18 00 00 16 0C 17 01 00 19 0C 1A 00 1F 00 9E 00 00 1C 09 B8 00 
[<F_CREATE_MONSTER>(0x72)<104>]39 9D 00 00 01 11 1D 3C 00 0D 01 E0 00 0C A5 C8 00 00 04 08 32 01 00 00 00 00 00 00 00 00 00 00 03 E8 00 00 00 00 36 F7 00 05 00 00 01 19 00 52 65 73 74 6C 65 73 73 20 44 65 61 64 5E 6D 00 01 0A 00 00 00 12 0F 00 39 9D 81 E0 25 C8 1D 3C 64 00 64 00 00 00 00 00 11 01 39 9D 00 02 00 00 16 0A 9C 00 00 19 0A 9D 00 
[<F_CREATE_MONSTER>(0x72)<103>]36 E8 00 00 0D 27 19 A8 00 0D 1F 6C 00 0C BE 11 00 00 06 05 32 02 40 00 00 00 00 23 00 00 00 00 03 E8 00 00 00 00 37 3C 00 04 00 00 01 19 00 54 68 6F 72 73 68 61 66 6E 20 43 69 74 69 7A 65 6E 5E 66 00 01 0A 00 00 00 12 0A 00 36 E8 9F 6C 3E 11 19 A8 64 00 64 00 00 00 00 00 27 0D 36 E8 00 01 00 00 0B 14 F5 00 
[<F_CREATE_MONSTER>(0x72)<138>]01 0F 00 00 0B EF 1A 18 00 0D 13 FD 00 0C AD B1 00 00 04 C4 32 02 81 00 00 00 00 00 00 00 01 00 03 E8 00 00 00 00 37 3A 00 04 00 00 01 19 00 52 61 76 65 6E 20 53 61 70 70 65 72 5E 6D 00 00 00 80 00 01 0A 00 00 00 14 2C 00 01 0F 93 FD 2D B1 1A 18 4B 02 64 00 00 00 80 00 EF 0B 2E 29 01 0F 00 07 00 00 0A 07 8C 00 00 14 0B CC 00 00 15 0B CD 00 00 16 0C 1E 00 00 18 0B CF 00 00 19 0C 7A 01 00 1C 0B D0 00 36 00 35 00 
[<F_CREATE_MONSTER>(0x72)<138>]29 2E 00 00 03 EF 1A 34 00 0D 14 67 00 0C AD AE 00 00 04 C2 32 02 40 00 00 00 00 00 00 00 00 00 03 E8 00 00 00 00 37 38 00 04 00 00 01 19 00 45 6D 70 69 72 65 20 48 61 6C 62 65 72 64 69 65 72 5E 6D 00 01 0A 00 00 00 14 2B 00 29 2E 94 67 2D AE 1A 34 4B 02 64 00 00 00 00 00 EF 03 0F 01 29 2E 00 06 00 00 0A 05 C1 01 00 14 0C 16 00 1F 00 9E 00 00 15 0C 18 00 00 16 0C 17 01 00 19 0C 1A 00 1F 00 9E 00 00 1C 09 B8 00 
[<F_CREATE_MONSTER>(0x72)<144>]0C 46 00 55 06 4A 18 CC 00 0D 1C 11 00 0C B2 10 00 00 04 C2 32 02 40 00 00 00 00 00 00 00 00 00 03 E8 00 00 00 00 36 B3 00 00 00 00 01 19 00 45 6D 70 69 72 65 20 48 61 6C 62 65 72 64 69 65 72 5E 6D 00 01 0A 00 00 00 1A 2B 00 0C 46 9C 11 32 10 18 CC 64 01 64 00 00 00 00 00 55 00 00 C3 9B AE 31 CC 18 64 0C 46 00 06 00 00 0A 05 C1 01 00 14 0C 16 00 1F 00 9E 00 00 15 0C 18 00 00 16 0C 17 01 00 19 0C 1A 00 1F 00 9E 00 00 1C 09 B8 00 
[<F_CREATE_MONSTER>(0x72)<108>]08 2C 00 00 0D E9 19 88 00 0D 18 C2 00 0C BD BB 00 00 06 05 32 02 40 00 00 00 00 23 00 00 00 00 03 E8 00 00 00 00 36 C9 00 04 00 00 01 19 00 54 68 6F 72 73 68 61 66 6E 20 43 69 74 69 7A 65 6E 5E 66 00 01 0A 00 00 00 12 0F 00 08 2C 98 C2 3D BB 19 88 64 00 64 00 00 00 00 00 E9 0D 08 2C 00 02 00 00 0B 14 F5 00 00 16 21 ED 00 
[<F_CREATE_MONSTER>(0x72)<144>]08 B6 00 00 02 22 18 2C 00 0D 19 21 00 0C B3 27 00 00 04 C2 32 02 40 00 00 00 00 00 00 00 00 00 03 E8 00 00 00 00 36 B7 00 01 00 00 01 19 00 45 6D 70 69 72 65 20 53 70 65 61 72 6D 61 6E 5E 6D 00 01 0A 00 00 00 12 35 00 08 B6 99 21 33 27 18 2C 64 00 64 00 00 00 00 00 22 02 08 B6 00 08 00 00 0A 05 45 00 00 0B 05 5D 01 00 14 0C 1D 00 1F 00 9E 00 00 15 0C 1F 00 00 16 0C 1E 00 00 18 0C 22 01 00 19 0C 21 00 1F 00 9E 00 00 1C 0C 23 00 
[<F_CREATE_MONSTER>(0x72)<111>]1C B6 00 55 00 28 1E 5B 00 0D 1D 8E 00 0C 9B 11 00 00 04 56 3C 02 00 00 00 00 00 00 00 00 00 00 03 E8 00 00 00 00 37 FA 00 01 00 00 01 19 00 54 75 73 6B 67 6F 72 5E 6D 00 01 0A 00 00 00 1A 14 00 1C B6 9D 8E 1B 11 1E 5B 64 01 64 00 00 00 00 00 55 00 00 83 9E 69 1B 42 1E 64 1C B6 00 03 00 00 16 0C 6F 00 00 19 0C 6E 00 00 1A 0C 70 00 
[<F_CREATE_MONSTER>(0x72)<122>]00 1A 00 00 04 71 1E 16 00 0D 12 CB 00 0C A2 A7 00 00 04 C5 32 02 80 00 00 00 00 00 00 00 01 00 03 E8 00 00 00 00 36 B0 00 08 00 00 02 19 1C 00 53 65 65 72 20 54 68 61 65 6E 61 5E 66 00 00 00 00 03 01 0A 00 00 00 12 1E 00 00 1A 92 CB 22 A7 1E 16 64 00 64 00 00 00 00 03 71 04 00 1A 00 05 00 00 0A 0C B2 00 00 0B 05 CB 00 00 14 0B 24 00 00 16 0B 25 00 00 1C 0B 23 00 
[<F_CREATE_MONSTER>(0x72)<155>]00 62 00 00 02 D8 1E 10 00 0D 12 AC 00 0C A1 FF 00 00 04 C4 32 02 80 00 00 00 00 00 00 00 01 00 03 E8 00 00 00 00 36 E9 00 00 00 02 03 01 19 1C 00 4F 73 6B 61 72 20 48 72 65 64 72 69 63 73 6F 6E 5E 4D 00 00 00 00 01 01 0A 06 00 00 12 39 00 00 62 92 AC 21 FF 1E 10 64 00 64 00 00 00 00 01 D8 02 00 62 00 08 00 00 0A 0C B3 00 00 0B 07 5A 01 00 14 0B 2A 00 6C 00 6D 00 00 15 0B 2C 00 00 16 0B 2B 00 00 17 0B 2E 01 00 18 0B 2D 00 6C 00 70 01 00 1C 0B 29 00 6D 00 00 00 
[<F_CREATE_MONSTER>(0x72)<137>]02 08 00 00 0B B0 1E 84 00 0D 19 97 00 0C A4 65 00 00 04 C4 32 02 81 00 00 00 00 00 00 00 00 00 03 E8 00 00 00 00 38 73 00 06 00 00 01 19 00 43 6F 6E 73 74 72 75 63 74 20 4B 65 65 70 65 72 5E 6D 00 01 0A 00 00 00 12 2D 00 02 08 99 97 24 65 1E 84 64 00 64 00 00 00 00 00 B0 0B 02 08 00 08 00 00 0A 0C B6 00 00 0B 07 5B 00 00 14 0B 30 00 00 15 0B 32 00 00 16 0B 31 00 00 17 0B 34 00 00 18 0B 33 00 00 1C 0B 2F 00 
[<F_CREATE_MONSTER>(0x72)<91>]0B A4 00 00 0E 71 1A 6C 00 0D 1C 28 00 0C B1 42 00 00 04 3B 32 02 00 00 00 00 00 00 00 00 09 00 03 E8 00 00 00 00 36 FD 00 02 00 00 01 19 00 52 61 76 65 6E 5E 6D 00 00 00 00 08 02 01 0A 00 00 00 12 05 00 0B A4 9C 28 31 42 1A 6C 64 00 64 00 00 00 00 08 71 0E 0B A4 00 00 00 
[<F_CREATE_MONSTER>(0x72)<94>]35 D5 00 55 00 09 1D B6 00 0C F2 2F 00 0C B1 36 00 00 04 43 25 01 00 00 00 00 00 00 00 00 00 00 03 E8 00 00 00 01 4E 28 00 00 00 00 01 19 00 46 6F 75 6C 20 4E 75 72 67 6C 69 6E 67 5E 6D 00 01 0A 00 00 00 12 05 00 35 D5 72 2F 31 36 1D B6 64 00 64 00 00 00 00 00 09 00 35 D5 00 00 00 
[<F_CREATE_MONSTER>(0x72)<91>]18 45 00 00 0D 1C 19 8E 00 0D 06 81 00 0C B5 4E 00 00 04 3B 35 02 00 00 00 00 00 00 00 00 09 00 03 E8 00 00 00 00 36 FD 00 00 00 00 01 19 00 52 61 76 65 6E 5E 6D 00 00 00 00 08 02 01 0A 00 00 00 12 05 00 18 45 86 81 35 4E 19 8E 64 00 64 00 00 00 00 08 1C 0D 18 45 00 00 00 
[<F_CREATE_MONSTER>(0x72)<94>]04 CE 00 00 0D E9 1E 0E 00 0C F0 C2 00 0C B3 57 00 00 04 43 2E 01 00 00 00 00 00 00 00 00 00 00 03 E8 00 00 00 01 4E 27 00 05 00 00 01 19 00 46 6F 75 6C 20 4E 75 72 67 6C 69 6E 67 5E 6D 00 01 0A 00 00 00 12 05 00 04 CE 70 C2 33 57 1E 0E 64 00 64 00 00 00 00 00 E9 0D 04 CE 00 00 00 
[<F_CREATE_MONSTER>(0x72)<102>]0E E0 00 EB 05 66 1A 0E 00 0D 07 20 00 0C B8 6B 00 00 04 C2 32 02 40 00 00 00 00 00 00 00 00 00 03 E8 00 00 00 00 39 08 00 01 00 00 01 19 00 45 6D 70 69 72 65 20 53 70 65 61 72 6D 61 6E 5E 6D 00 01 0A 00 00 00 1A 35 00 0E E0 87 20 38 6B 1A 0E 64 01 64 00 00 00 00 00 EB 00 00 8D 86 11 38 B6 19 64 0E E0 00 
[<F_CREATE_STATIC>(0x71)<58>]34 27 00 00 09 F4 1D BE 00 0C F3 38 00 0C 8C 98 00 2F 1E 00 00 00 37 00 00 04 20 00 00 00 00 00 36 99 24 F4 00 00 00 00 10 56 6F 72 71 75 65 27 73 20 53 61 63 6B 62 61 67 00 
[<F_CREATE_MONSTER>(0x72)<138>]31 3E 01 13 03 74 24 C6 00 0D 2B 0F 00 0C B4 9B 00 00 05 37 34 02 58 00 00 00 00 00 00 00 04 00 03 E8 00 00 00 01 4E 29 00 04 00 00 01 19 00 44 77 61 72 66 65 6E 20 47 79 72 6F 63 6F 70 74 65 72 5E 6D 00 00 B4 01 0A 00 00 00 00 00 00 00 1A 1E 00 31 3E AB 0F 34 9B 24 C6 64 01 64 00 00 00 00 00 13 01 00 31 AA CC 34 C6 24 64 31 3E 00 05 00 00 14 08 13 00 00 15 07 D3 00 00 16 07 D2 00 00 18 07 D4 00 00 1C 07 D0 00 
[<F_CREATE_MONSTER>(0x72)<104>]2C 56 00 02 00 00 16 0A 9C 00 00 19 0A 9D 00 DE 00 00 04 09 32 01 00 00 00 00 00 00 00 00 00 00 03 E8 00 00 00 00 36 F4 00 09 00 00 01 19 00 52 65 73 74 6C 65 73 73 20 44 65 61 64 5E 66 00 01 0A 00 00 00 12 0F 00 2C 56 81 0E 19 DE 1E FC 64 00 64 00 00 00 00 00 00 08 2C 56 00 02 00 00 16 0A 9C 00 00 19 0A 9D 00 
[<F_CREATE_MONSTER>(0x72)<104>]30 07 00 00 0F E9 1E 1E 00 0D 00 FD 00 0C 9E 8E 00 00 04 09 32 01 00 00 00 00 00 00 00 00 00 00 03 E8 00 00 00 00 36 F4 00 05 00 00 01 19 00 52 65 73 74 6C 65 73 73 20 44 65 61 64 5E 66 00 01 0A 00 00 00 12 0F 00 30 07 80 FD 1E 8E 1E 1E 64 00 64 00 00 00 00 00 E9 0F 30 07 00 02 00 00 16 0A 9C 00 00 19 0A 9D 00 
[<F_CREATE_MONSTER>(0x72)<143>]13 59 01 13 05 1D 24 C6 00 0D 2B 9C 00 0C B4 7D 00 00 05 37 34 02 58 00 00 00 00 00 00 00 04 00 03 E8 00 00 00 01 4E 29 00 00 00 00 01 19 00 44 77 61 72 66 65 6E 20 47 79 72 6F 63 6F 70 74 65 72 5E 6D 00 00 B4 01 0A 00 00 00 00 00 00 00 1A 23 00 13 59 AB 9C 34 7D 24 C6 64 01 64 00 00 00 00 00 13 01 00 68 AA ED 33 C6 24 64 13 59 00 06 00 00 14 08 13 00 00 15 07 D3 00 00 16 07 D2 00 00 17 07 D5 00 00 18 07 D4 00 00 1C 07 D0 00 
[<F_CREATE_MONSTER>(0x72)<104>]1A 97 00 55 08 6C 1D B2 00 0C F5 AF 00 0C 8B 24 00 00 04 50 32 01 00 00 00 00 00 00 00 00 00 00 03 E8 00 00 00 00 36 F8 00 03 00 00 02 18 19 00 41 77 61 6B 65 6E 65 64 20 53 70 69 72 69 74 5E 6D 00 04 CD 01 0A 00 00 00 12 0A 00 1A 97 75 AF 0B 24 1D B2 64 00 64 00 00 00 00 00 6C 08 1A 97 00 01 00 00 0A 07 9E 00 
[<F_CREATE_MONSTER>(0x72)<106>]2B 73 00 EB 0D 57 1E 32 00 0C F6 A2 00 0C 8F B2 00 00 04 50 32 01 00 00 00 00 00 00 00 00 00 00 03 E8 00 00 00 00 36 F8 00 02 00 00 02 18 19 00 41 77 61 6B 65 6E 65 64 20 53 70 69 72 69 74 5E 6D 00 04 CD 01 0A 00 00 00 14 0A 00 2B 73 76 A2 0F B2 1E 32 5B 02 64 00 00 00 00 00 57 0D C7 19 2B 73 00 01 00 00 0A 07 9E 00 
[<F_CREATE_MONSTER>(0x72)<104>]32 EE 00 00 09 DD 1E 32 00 0C F5 5B 00 0C 90 E4 00 00 04 50 32 01 00 00 00 00 00 00 00 00 00 00 03 E8 00 00 00 00 36 F8 00 01 00 00 02 18 19 00 41 77 61 6B 65 6E 65 64 20 53 70 69 72 69 74 5E 6D 00 04 CD 01 0A 00 00 00 12 0A 00 32 EE 75 5B 10 E4 1E 32 64 00 64 00 00 00 00 00 DD 09 32 EE 00 01 00 00 0A 07 9E 00 
[<F_CREATE_MONSTER>(0x72)<104>]11 B3 00 00 0C 88 1E 00 00 0D 03 11 00 0C 9E FE 00 00 04 08 32 01 00 00 00 00 00 00 00 00 00 00 03 E8 00 00 00 00 36 F7 00 03 00 00 01 19 00 52 65 73 74 6C 65 73 73 20 44 65 61 64 5E 6D 00 01 0A 00 00 00 12 0F 00 11 B3 83 11 1E FE 1E 00 64 00 64 00 00 00 00 00 88 0C 11 B3 00 02 00 00 16 0A 9C 00 00 19 0A 9D 00 
[<F_CREATE_MONSTER>(0x72)<104>]35 A7 00 00 09 77 1D D4 00 0C FD 66 00 0C A3 76 00 00 04 08 32 01 00 00 00 00 00 00 00 00 00 00 03 E8 00 00 00 00 36 F7 00 06 00 00 01 19 00 52 65 73 74 6C 65 73 73 20 44 65 61 64 5E 6D 00 01 0A 00 00 00 12 0F 00 35 A7 7D 66 23 76 1D D4 64 00 64 00 00 00 00 00 77 09 35 A7 00 02 00 00 16 0A 9C 00 00 19 0A 9D 00 
[<F_CREATE_MONSTER>(0x72)<103>]03 76 00 00 03 3C 1E B8 00 0D 1F A3 00 0C 99 3D 00 00 04 56 3C 02 00 00 00 00 00 00 00 00 00 00 03 E8 00 00 00 00 37 FA 00 03 00 00 01 19 00 54 75 73 6B 67 6F 72 5E 6D 00 01 0A 00 00 00 12 14 00 03 76 9F A3 19 3D 1E B8 64 00 64 00 00 00 00 00 3C 03 03 76 00 03 00 00 16 0C 6F 00 00 19 0C 6E 00 00 1A 0C 70 00 
[<F_CREATE_MONSTER>(0x72)<143>]25 81 01 13 07 20 24 C6 00 0D 2B 7D 00 0C B4 28 00 00 05 37 34 02 58 00 00 00 00 00 00 00 04 00 03 E8 00 00 00 01 4E 29 00 01 00 00 01 19 00 44 77 61 72 66 65 6E 20 47 79 72 6F 63 6F 70 74 65 72 5E 6D 00 00 B4 01 0A 00 00 00 00 00 00 00 1A 23 00 25 81 AB 7D 34 28 24 C6 64 01 64 00 00 00 00 00 13 01 00 F5 AA A8 32 C6 24 64 25 81 00 06 00 00 14 08 13 00 00 15 07 D3 00 00 16 07 D2 00 00 17 09 E6 00 00 18 07 D4 00 00 1C 07 D0 00 
[<F_CREATE_MONSTER>(0x72)<104>]1A 3C 00 00 0B A4 1E 8C 00 0C FA 6E 00 0C A1 44 00 00 04 08 32 01 00 00 00 00 00 00 00 00 00 00 03 E8 00 00 00 00 36 F4 00 01 00 00 01 19 00 52 65 73 74 6C 65 73 73 20 44 65 61 64 5E 6D 00 01 0A 00 00 00 12 0F 00 1A 3C 7A 6E 21 44 1E 8C 64 00 64 00 00 00 00 00 A4 0B 1A 3C 00 02 00 00 16 0A 9C 00 00 19 0A 9D 00 
[<F_CREATE_MONSTER>(0x72)<104>]36 6A 00 00 0D F4 1E 32 00 0C F5 32 00 0C 93 6F 00 00 04 50 32 01 00 00 00 00 00 00 00 00 00 00 03 E8 00 00 00 00 36 F8 00 00 00 00 02 18 19 00 41 77 61 6B 65 6E 65 64 20 53 70 69 72 69 74 5E 6D 00 04 CD 01 0A 00 00 00 12 0A 00 36 6A 75 32 13 6F 1E 32 64 00 64 00 00 00 00 00 F4 0D 36 6A 00 01 00 00 0A 07 9E 00 
[<F_CREATE_MONSTER>(0x72)<104>]0C 00 00 00 0B 33 1E 51 00 0D 00 E3 00 0C 9D 14 00 00 04 08 32 01 00 00 00 00 00 00 00 00 00 00 03 E8 00 00 00 00 36 F7 00 02 00 00 01 19 00 52 65 73 74 6C 65 73 73 20 44 65 61 64 5E 6D 00 01 0A 00 00 00 12 0F 00 0C 00 80 E3 1D 14 1E 51 64 00 64 00 00 00 00 00 33 0B 0C 00 00 02 00 00 16 0A 9C 00 00 19 0A 9D 00 
[<F_CREATE_MONSTER>(0x72)<104>]3A 73 00 00 0C 22 1D 4B 00 0D 04 65 00 0C A3 3D 00 00 04 09 32 01 00 00 00 00 00 00 00 00 00 00 03 E8 00 00 00 00 36 F7 00 04 00 00 01 19 00 52 65 73 74 6C 65 73 73 20 44 65 61 64 5E 66 00 01 0A 00 00 00 12 0F 00 3A 73 84 65 23 3D 1D 4B 64 00 64 00 00 00 00 00 22 0C 3A 73 00 02 00 00 16 0A 9C 00 00 19 0A 9D 00 
[<F_CREATE_MONSTER>(0x72)<104>]1D 3C 00 00 04 9F 1D D8 00 0D 05 B7 00 0C 9E 83 00 00 04 09 32 01 00 00 00 00 00 00 00 00 00 00 03 E8 00 00 00 00 36 F4 00 08 00 00 01 19 00 52 65 73 74 6C 65 73 73 20 44 65 61 64 5E 66 00 01 0A 00 00 00 12 0F 00 1D 3C 85 B7 1E 83 1D D8 64 00 64 00 00 00 00 00 9F 04 1D 3C 00 02 00 00 16 0A 9C 00 00 19 0A 9D 00 
[<F_CREATE_MONSTER>(0x72)<104>]0C 23 00 00 02 FA 1E 32 00 0C F6 D3 00 0C 8F E5 00 00 04 50 32 01 00 00 00 00 00 00 00 00 00 00 03 E8 00 00 00 00 36 F8 00 02 00 00 02 18 19 00 41 77 61 6B 65 6E 65 64 20 53 70 69 72 69 74 5E 6D 00 04 CD 01 0A 00 00 00 12 0A 00 0C 23 76 D3 0F E5 1E 32 64 00 64 00 00 00 00 00 FA 02 0C 23 00 01 00 00 0A 07 9E 00 
[<F_CREATE_MONSTER>(0x72)<104>]13 E2 00 00 08 38 1E 98 00 0D 00 B9 00 0C 9B A0 00 00 04 09 32 01 00 00 00 00 00 00 00 00 00 00 03 E8 00 00 00 00 36 F7 00 09 00 00 01 19 00 52 65 73 74 6C 65 73 73 20 44 65 61 64 5E 66 00 01 0A 00 00 00 12 0F 00 13 E2 80 B9 1B A0 1E 98 64 00 64 00 00 00 00 00 38 08 13 E2 00 02 00 00 16 0A 9C 00 00 19 0A 9D 00 
[<F_CREATE_MONSTER>(0x72)<104>]05 2D 00 EB 0D A6 1F 20 00 0C F1 3B 00 0C AA 35 FF C6 04 48 32 02 80 00 00 00 00 00 00 00 01 00 03 E8 00 00 00 00 37 FD 00 03 00 00 01 19 00 50 69 6E 6B 20 48 6F 72 72 6F 72 5E 6D 00 00 00 00 08 01 0A 00 00 00 1A 05 00 05 2D 71 3B 2A 35 1F 20 64 01 64 00 00 00 00 08 EB 00 8E 9B 76 46 2E DC 1D 64 05 2D 00 00 00 
[<F_CREATE_MONSTER>(0x72)<143>]2F 2D 01 13 04 91 24 C6 00 0D 2A EA 00 0C B4 54 00 00 05 37 34 02 58 00 00 00 00 00 00 00 04 00 03 E8 00 00 00 01 4E 29 00 08 00 00 01 19 00 44 77 61 72 66 65 6E 20 47 79 72 6F 63 6F 70 74 65 72 5E 6D 00 00 B4 01 0A 00 00 00 00 00 00 00 1A 23 00 2F 2D AA EA 34 54 24 C6 64 01 64 00 00 00 00 00 13 01 00 F9 A9 1E 34 C6 24 64 2F 2D 00 06 00 00 14 08 13 00 00 15 07 D3 00 00 16 07 D2 00 00 17 07 D5 00 00 18 07 D4 00 00 1C 07 D0 00 
[<F_CREATE_MONSTER>(0x72)<104>]07 E9 00 00 09 DD 1E 32 00 0C F5 5B 00 0C 90 E4 00 00 04 50 32 01 00 00 00 00 00 00 00 00 00 00 03 E8 00 00 00 00 36 F8 00 01 00 00 02 18 19 00 41 77 61 6B 65 6E 65 64 20 53 70 69 72 69 74 5E 6D 00 04 CD 01 0A 00 00 00 12 0A 00 07 E9 75 5B 10 E4 1E 32 64 00 64 00 00 00 00 00 DD 09 07 E9 00 01 00 00 0A 07 9E 00 
[<F_CREATE_MONSTER>(0x72)<143>]17 26 01 13 03 74 24 C6 00 0D 2A E6 00 0C B4 A4 00 00 05 37 34 02 58 00 00 00 00 00 00 00 04 00 03 E8 00 00 00 01 4E 29 00 04 00 00 01 19 00 44 77 61 72 66 65 6E 20 47 79 72 6F 63 6F 70 74 65 72 5E 6D 00 00 B4 01 0A 00 00 00 00 00 00 00 1A 23 00 17 26 AA E6 34 A4 24 C6 64 01 64 00 00 00 00 00 13 01 00 31 AA CC 34 C6 24 64 17 26 00 06 00 00 14 08 13 00 00 15 07 D3 00 00 16 07 D2 00 00 17 09 E6 00 00 18 07 D4 00 00 1C 07 D0 00 
[<F_CREATE_MONSTER>(0x72)<104>]06 42 00 00 0D 31 1D B2 00 0C F0 14 00 0C 8E 83 00 00 04 50 32 01 00 00 00 00 00 00 00 00 00 00 03 E8 00 00 00 00 36 F8 00 05 00 00 02 18 19 00 41 77 61 6B 65 6E 65 64 20 53 70 69 72 69 74 5E 6D 00 04 CD 01 0A 00 00 00 12 0A 00 06 42 70 14 0E 83 1D B2 64 00 64 00 00 00 00 00 31 0D 06 42 00 01 00 00 0A 07 9E 00 
[<F_CREATE_MONSTER>(0x72)<143>]0E 25 01 13 05 1D 24 C6 00 0D 2A F6 00 0C B4 2F 00 00 05 37 34 02 58 00 00 00 00 00 00 00 04 00 03 E8 00 00 00 01 4E 29 00 00 00 00 01 19 00 44 77 61 72 66 65 6E 20 47 79 72 6F 63 6F 70 74 65 72 5E 6D 00 00 B4 01 0A 00 00 00 00 00 00 00 1A 23 00 0E 25 AA F6 34 2F 24 C6 64 01 64 00 00 00 00 00 13 01 00 68 AA ED 33 C6 24 64 0E 25 00 06 00 00 14 08 13 00 00 15 07 D3 00 00 16 07 D2 00 00 17 09 E6 00 00 18 07 D4 00 00 1C 07 D0 00 
[<F_CREATE_MONSTER>(0x72)<95>]01 B2 00 EB 0D FF 1F 67 00 0C ED A2 00 0C AC 9E 00 00 04 48 32 02 81 00 00 00 00 00 00 00 00 00 03 E8 00 00 00 00 37 FE 00 01 00 00 01 19 00 48 6F 72 72 6F 72 5E 6D 00 01 0A 00 00 00 1A 05 00 01 B2 6D A2 2C 9E 1F 67 64 01 64 00 00 00 00 00 EB 00 00 A2 6D 9E 2C 27 1F 64 01 B2 00 00 00 
[<F_CREATE_STATIC>(0x71)<61>]00 8F 00 00 09 C7 1C D0 00 0C E4 DF 00 0C 95 DD 00 B9 1E 02 00 00 37 0F 00 00 20 00 00 00 00 00 00 03 5E F0 00 00 00 00 13 41 6E 63 65 73 74 72 61 6C 20 43 68 72 6F 6E 69 63 6C 65 00 
[<F_CREATE_MONSTER>(0x72)<112>]06 5E 00 55 02 52 1D 32 00 0C EC 2C 00 0C 8E B3 00 00 04 50 32 01 00 00 00 00 00 00 00 00 00 00 03 E8 00 00 00 00 36 F5 00 00 00 00 02 18 19 00 41 77 61 6B 65 6E 65 64 20 53 70 69 72 69 74 5E 6D 00 04 CD 01 0A 00 00 00 1A 0A 00 06 5E 6C 2C 0E B3 1D 32 64 01 64 00 00 00 00 00 55 00 00 3C 6C AB 0E 32 1D 64 06 5E 00 01 00 00 0A 07 9E 00 
[<F_CREATE_MONSTER>(0x72)<104>]10 26 00 55 08 41 1C AE 00 0C E6 49 00 0C 96 06 00 00 04 50 32 01 00 00 00 00 00 00 00 00 00 00 03 E8 00 00 00 00 37 02 00 01 00 00 02 18 19 00 41 77 61 6B 65 6E 65 64 20 53 70 69 72 69 74 5E 6D 00 04 CD 01 0A 00 00 00 12 0A 00 10 26 66 49 16 06 1C AE 64 00 64 00 00 00 00 00 41 08 10 26 00 01 00 00 0A 07 9E 00 
[<F_CREATE_MONSTER>(0x72)<104>]0A A1 00 55 0D A0 1C AE 00 0C EA AA 00 0C 91 40 00 00 04 50 32 01 00 00 00 00 00 00 00 00 00 00 03 E8 00 00 00 00 36 F5 00 01 00 00 02 18 19 00 41 77 61 6B 65 6E 65 64 20 53 70 69 72 69 74 5E 6D 00 04 CD 01 0A 00 00 00 12 0A 00 0A A1 6A AA 11 40 1C AE 64 00 64 00 00 00 00 00 A0 0D 0A A1 00 01 00 00 0A 07 9E 00 
[<F_CREATE_STATIC>(0x71)<55>]1C 18 00 00 02 71 18 79 00 0D 11 D1 00 0C BA 6E 00 CE 1E 00 00 00 36 FF 00 00 00 00 00 00 00 00 39 8B 7B 6E 00 00 00 00 05 53 6D 6F 6B 65 00 64 20 43 68 65 73 74 00 
[<F_CREATE_STATIC>(0x71)<52>]02 FE 00 00 09 82 1E 48 00 0D 16 14 00 0C A7 3D 00 2A 1E 00 00 00 75 67 00 00 04 00 00 00 00 00 00 03 5E F0 00 00 00 00 0A 41 6D 6D 75 6E 69 74 69 6F 6E 00 
[<F_CREATE_STATIC>(0x71)<55>]33 2E 00 00 06 CC 18 C0 00 0D 07 43 00 0C BF 48 00 D6 1E 00 00 00 36 F9 00 01 28 00 00 00 00 00 39 8A DC D6 00 00 00 00 0D 45 6D 70 69 72 65 20 43 61 6E 6E 6F 6E 00 
[<F_CREATE_STATIC>(0x71)<62>]2E 2C 00 00 02 71 18 79 00 0D 11 D1 00 0C BA 6E 10 82 1E 00 00 00 36 CF 00 00 00 00 00 00 00 00 39 8B 67 9F 00 00 00 00 14 45 6D 70 69 72 65 20 48 6F 75 73 65 20 46 69 72 65 20 30 31 00 
[<F_CREATE_MONSTER>(0x72)<167>]00 19 00 00 05 DD 1D 68 00 0C FA 2C 00 0C B1 BE 00 00 04 C6 3C 04 84 00 00 00 00 00 00 00 01 00 03 E9 00 00 00 00 36 B0 00 00 00 00 01 19 00 53 6B 75 72 6C 6F 72 67 20 42 6C 61 63 6B 68 6F 72 6E 5E 4D 00 00 00 00 03 01 0A 00 00 00 12 45 00 00 19 7A 2C 31 BE 1D 68 64 00 64 00 00 00 00 03 DD 05 00 19 00 08 00 00 0A 07 19 00 00 0B 07 78 01 00 14 0A DE 00 34 00 00 01 00 15 0A E6 00 34 00 00 01 00 16 0A E5 00 34 00 00 01 00 17 16 D8 00 34 00 00 01 00 18 16 D6 00 34 00 00 01 00 1C 0A E3 00 34 00 00 00 
[<F_CREATE_MONSTER>(0x72)<91>]22 48 00 00 0F C7 1D 6D 00 0C F8 32 00 0C B3 A6 00 00 04 3B 2D 02 00 00 00 00 00 00 00 00 09 00 03 E8 00 00 00 00 37 FB 00 01 00 00 01 19 00 52 61 76 65 6E 5E 6D 00 00 00 00 08 02 01 0A 00 00 00 12 05 00 22 48 78 32 33 A6 1D 6D 64 00 64 00 00 00 00 08 C7 0F 22 48 00 00 00 
[<F_CREATE_MONSTER>(0x72)<94>]00 1C 01 00 0A 9D 1D DA 00 0C F1 29 00 0C B2 95 00 00 04 43 26 01 00 00 00 00 00 00 00 00 00 00 03 E8 00 00 00 01 4E 28 00 09 00 00 01 19 00 46 6F 75 6C 20 4E 75 72 67 6C 69 6E 67 5E 6D 00 01 0A 00 00 00 12 05 00 2D 69 71 29 32 95 1D DA 64 00 64 00 00 00 00 00 9D 0A 2D 69 00 00 00 
[<F_CREATE_MONSTER>(0x72)<104>]1C F0 00 00 0B 33 1E 51 00 0D 00 E8 00 0C 9D 1B 00 00 04 08 32 01 00 00 00 00 00 00 00 00 00 00 03 E8 00 00 00 00 36 F7 00 02 00 00 01 19 00 52 65 73 74 6C 65 73 73 20 44 65 61 64 5E 6D 00 01 0A 00 00 00 12 0F 00 1C F0 80 E8 1D 1B 1E 51 64 00 64 00 00 00 00 00 33 0B 1C F0 00 02 00 00 16 0A 9C 00 00 19 0A 9D 00 
[<F_CREATE_MONSTER>(0x72)<103>]1E 10 00 55 0D 7F 21 17 00 0C F0 28 00 0C A9 9A 00 06 05 58 28 02 A0 00 00 00 00 00 00 00 01 00 03 E8 00 00 00 00 37 FD 00 02 00 00 01 19 00 43 68 61 6F 73 20 46 75 72 79 5E 6D 00 00 00 00 08 01 0A 00 00 00 1A 05 00 1E 10 70 28 29 9A 21 17 64 20 64 40 00 00 00 08 A1 4D 8B 39 00 00 00 00 FB 01 1E 10 00 00 00 
[<F_CREATE_MONSTER>(0x72)<102>]1F 2E 00 55 0F 38 1D B5 00 0C F3 66 00 0C B4 8D 00 00 04 43 27 01 00 00 00 00 00 00 00 00 00 00 03 E8 00 00 00 01 4E 27 00 07 00 00 01 19 00 46 6F 75 6C 20 4E 75 72 67 6C 69 6E 67 5E 6D 00 01 0A 00 00 00 1A 05 00 1F 2E 73 66 34 8D 1D B5 64 01 64 00 00 00 00 00 55 00 00 5D 73 83 34 B9 1D 64 1F 2E 00 00 00 
[<F_CREATE_MONSTER>(0x72)<144>]02 18 00 00 03 BB 1A 67 00 0D 1D 65 00 0C AC 22 00 00 04 C2 32 02 40 00 00 00 00 00 00 00 00 00 03 E8 00 00 00 00 36 B7 00 05 00 00 01 19 00 45 6D 70 69 72 65 20 53 70 65 61 72 6D 61 6E 5E 6D 00 01 0A 00 00 00 12 35 00 02 18 9D 65 2C 22 1A 67 64 00 64 00 00 00 00 00 BB 03 02 18 00 08 00 00 0A 05 45 00 00 0B 07 32 01 00 14 0C 1D 00 1F 00 9E 00 00 15 0C 1F 00 00 16 0C 1E 00 00 18 0C 22 01 00 19 0C 21 00 1F 00 9E 00 00 1C 0C 23 00 
[<F_CREATE_MONSTER>(0x72)<94>]36 7B 00 55 0D AE 1D D8 00 0C F0 01 00 0C B2 C4 00 00 04 43 1E 01 00 00 00 00 00 00 00 00 00 00 03 E8 00 00 00 01 4E 28 00 06 00 00 01 19 00 46 6F 75 6C 20 4E 75 72 67 6C 69 6E 67 5E 6D 00 01 0A 00 00 00 12 05 00 36 7B 70 01 32 C4 1D D8 64 00 64 00 00 00 00 00 AE 0D 36 7B 00 00 00 
[<F_CREATE_STATIC>(0x71)<62>]3A 52 00 00 05 33 18 B0 00 0D 0F 5C 00 0C BF CC 10 82 1E 00 00 00 36 CF 00 01 00 00 00 00 00 00 39 8B 8F 62 00 00 00 00 14 45 6D 70 69 72 65 20 48 6F 75 73 65 20 46 69 72 65 20 30 31 00 
[<F_CREATE_MONSTER>(0x72)<169>]02 F0 00 00 08 7D 18 D8 00 0D 0F 9C 00 0C B0 E0 00 00 04 C6 37 37 83 00 00 00 00 00 00 00 01 00 03 E8 00 00 00 00 39 6F 00 01 00 00 02 12 19 00 52 61 76 65 6E 20 57 61 72 20 42 72 65 61 6B 65 72 5E 6D 00 00 00 80 00 01 0A 00 00 00 14 45 00 02 F0 8F 9C 30 E0 18 D8 64 02 64 00 00 00 80 00 7D 08 38 0B 02 F0 00 08 00 00 0A 05 C3 00 00 0B 07 78 01 00 14 0A DE 00 34 00 00 01 00 15 0A E0 00 34 00 00 01 00 16 0A DF 00 34 00 00 01 00 17 16 DE 00 34 00 00 01 00 18 16 DB 00 34 00 00 01 00 1C 0A DD 00 34 00 00 00 
[<F_CREATE_MONSTER>(0x72)<102>]2E DA 00 55 00 38 1D AC 00 0C F3 74 00 0C B3 B7 00 00 04 43 38 01 00 00 00 00 00 00 00 00 00 00 03 E8 00 00 00 01 4E 27 00 08 00 00 01 19 00 46 6F 75 6C 20 4E 75 72 67 6C 69 6E 67 5E 6D 00 01 0A 00 00 00 1A 05 00 2E DA 73 74 33 B7 1D AC 64 01 64 00 00 00 00 00 55 00 00 6E 73 86 33 AE 1D 64 2E DA 00 00 00 
[<F_CREATE_MONSTER>(0x72)<133>]01 19 00 00 01 07 19 98 00 0D 1F E5 00 0C BC 8A 00 00 04 C4 32 02 81 00 00 00 00 00 00 00 01 00 03 E8 00 00 00 00 37 3B 00 03 00 00 01 19 00 52 61 76 65 6E 20 53 61 70 70 65 72 5E 6D 00 00 00 80 00 01 0A 00 00 00 14 27 00 01 19 9F E5 3C 8A 19 98 4B 02 64 00 00 00 80 00 07 01 0A 2A 01 19 00 06 00 00 0A 05 C3 00 00 14 0B CC 00 00 16 0A A1 00 00 18 0C 71 00 00 19 0C 7A 01 00 1C 0C 23 00 36 00 35 00 
[<F_CREATE_MONSTER>(0x72)<103>]26 A3 00 00 0A D8 19 A1 00 0D 1F 37 00 0C BC D8 00 00 06 04 32 02 40 00 00 00 00 02 00 00 00 00 03 E8 00 00 00 00 37 3C 00 03 00 00 01 19 00 54 68 6F 72 73 68 61 66 6E 20 43 69 74 69 7A 65 6E 5E 6D 00 01 0A 00 00 00 12 0A 00 26 A3 9F 37 3C D8 19 A1 64 00 64 00 00 00 00 00 D8 0A 26 A3 00 01 00 00 0B 14 F5 00 
[<F_CREATE_MONSTER>(0x72)<103>]06 75 00 00 04 C1 18 BB 00 0D 0D F7 00 0C B9 61 00 00 07 2A 32 02 40 00 00 00 00 23 00 00 00 00 03 E8 00 00 00 00 36 C9 00 05 00 00 01 19 00 54 68 6F 72 73 68 61 66 6E 20 43 69 74 69 7A 65 6E 5E 6D 00 01 0A 00 00 00 12 0A 00 06 75 8D F7 39 61 18 BB 64 00 64 00 00 00 00 00 C1 04 06 75 00 01 00 00 0B 14 F6 00 
[<F_CREATE_MONSTER>(0x72)<137>]02 09 00 00 0C 9F 1E 0E 00 0D 10 34 00 0C A6 F7 00 00 04 C4 32 02 81 00 00 00 00 00 00 00 00 00 03 E8 00 00 00 00 38 73 00 01 00 00 01 19 00 43 6F 6E 73 74 72 75 63 74 20 4B 65 65 70 65 72 5E 6D 00 01 0A 00 00 00 12 2D 00 02 09 90 34 26 F7 1E 0E 64 00 64 00 00 00 00 00 9F 0C 02 09 00 08 00 00 0A 0C B6 00 00 0B 07 5B 00 00 14 0B 30 00 00 15 0B 32 00 00 16 0B 31 00 00 17 0B 34 00 00 18 0B 33 00 00 1C 0B 2F 00 
[<F_CREATE_MONSTER>(0x72)<137>]02 0B 00 00 0D 11 1E 55 00 0D 16 B4 00 0C A7 82 00 00 04 C4 32 02 81 00 00 00 00 00 00 00 00 00 03 E8 00 00 00 00 38 73 00 04 00 00 01 19 00 43 6F 6E 73 74 72 75 63 74 20 4B 65 65 70 65 72 5E 6D 00 01 0A 00 00 00 12 2D 00 02 0B 96 B4 27 82 1E 55 64 00 64 00 00 00 00 00 11 0D 02 0B 00 08 00 00 0A 0C B6 00 00 0B 07 5B 00 00 14 0B 30 00 00 15 0B 32 00 00 16 0B 31 00 00 17 0B 34 00 00 18 0B 33 00 00 1C 0B 2F 00 
[<F_CREATE_MONSTER>(0x72)<137>]02 0D 00 00 0C D8 1E 18 00 0D 11 2F 00 0C A7 A4 00 00 04 C4 32 02 81 00 00 00 00 00 00 00 00 00 03 E8 00 00 00 00 38 73 00 02 00 00 01 19 00 43 6F 6E 73 74 72 75 63 74 20 4B 65 65 70 65 72 5E 6D 00 01 0A 00 00 00 12 2D 00 02 0D 91 2F 27 A4 1E 18 64 00 64 00 00 00 00 00 D8 0C 02 0D 00 08 00 00 0A 0C B6 00 00 0B 07 5B 00 00 14 0B 30 00 00 15 0B 32 00 00 16 0B 31 00 00 17 0B 34 00 00 18 0B 33 00 00 1C 0B 2F 00 
[<F_CREATE_MONSTER>(0x72)<137>]02 0F 00 00 00 5B 1E 8B 00 0D 1A 60 00 0C A3 FD 00 00 04 C4 32 02 81 00 00 00 00 00 00 00 00 00 03 E8 00 00 00 00 38 73 00 07 00 00 01 19 00 43 6F 6E 73 74 72 75 63 74 20 4B 65 65 70 65 72 5E 6D 00 01 0A 00 00 00 12 2D 00 02 0F 9A 60 23 FD 1E 8B 64 00 64 00 00 00 00 00 5B 00 02 0F 00 08 00 00 0A 0C B6 00 00 0B 07 5B 00 00 14 0B 30 00 00 15 0B 32 00 00 16 0B 31 00 00 17 0B 34 00 00 18 0B 33 00 00 1C 0B 2F 00 
[<F_CREATE_MONSTER>(0x72)<104>]03 23 00 00 0D D2 1E 9C 00 0D 1A 47 00 0C A4 9F 00 00 06 64 32 01 81 00 01 00 00 00 00 00 01 00 03 E8 00 00 00 01 4E 2A 00 01 00 00 01 19 00 48 65 6C 6C 66 69 72 65 20 43 61 6E 6E 6F 6E 00 00 00 00 03 01 0A 00 00 00 18 05 00 03 23 9A 47 24 9F 1E 9C 64 00 64 24 00 00 00 03 22 03 A4 FD FE 00 29 00 03 23 00 00 00 
[<F_CREATE_MONSTER>(0x72)<104>]03 24 00 00 0D 11 1E 18 00 0D 10 FA 00 0C A6 EE 00 00 06 64 32 01 81 00 01 00 00 00 00 00 01 00 03 E8 00 00 00 01 4E 2A 00 02 00 00 01 19 00 48 65 6C 6C 66 69 72 65 20 43 61 6E 6E 6F 6E 00 00 00 00 03 01 0A 00 00 00 18 05 00 03 24 90 FA 26 EE 1E 18 64 00 64 24 00 00 00 03 22 03 C2 F4 65 FD A5 FF 03 24 00 00 00 
[<F_CREATE_MONSTER>(0x72)<104>]03 25 00 00 0D 55 1E 48 00 0D 17 11 00 0C A7 1F 00 00 06 64 32 01 81 00 01 00 00 00 00 00 01 00 03 E8 00 00 00 01 4E 2A 00 03 00 00 01 19 00 48 65 6C 6C 66 69 72 65 20 43 61 6E 6E 6F 6E 00 00 00 00 03 01 0A 00 00 00 18 05 00 03 25 97 11 27 1F 1E 48 64 00 64 24 00 00 00 03 22 03 92 F9 20 01 D5 FF 03 25 00 00 00 
[<F_CREATE_MONSTER>(0x72)<87>]01 B4 00 55 0D D7 19 B8 00 0D 09 81 00 0C B1 BA 00 00 04 48 32 02 81 00 00 00 00 00 00 00 00 00 03 E8 00 00 00 00 37 FE 00 02 00 00 01 19 00 48 6F 72 72 6F 72 5E 6D 00 01 0A 00 00 00 12 05 00 01 B4 89 81 31 BA 19 B8 64 00 64 00 00 00 00 00 D7 0D 01 B4 00 00 00 
[<F_CREATE_MONSTER>(0x72)<124>]00 1F 00 00 01 11 19 AA 00 0D 05 13 00 0C B5 2D 00 00 06 9A 32 02 80 00 00 00 00 00 00 00 01 00 03 E8 00 00 00 00 36 B0 00 01 00 00 03 18 19 1C 00 4D 61 64 67 72 20 74 68 65 20 53 6F 75 6C 72 65 61 70 65 72 5E 4D 00 00 00 00 03 02 A1 01 0A 00 00 00 12 14 00 00 1F 85 13 35 2D 19 AA 64 00 64 00 00 00 00 03 11 01 00 1F 00 03 00 00 0A 07 0A 00 00 14 0A A0 00 00 16 0A A1 00 
[<F_CREATE_MONSTER>(0x72)<140>]00 63 00 00 0C 16 19 80 00 0D 02 99 00 0C B3 87 00 00 04 C4 32 02 80 00 00 00 00 00 00 00 01 00 03 E8 00 00 00 00 36 E9 00 01 00 02 03 01 19 1C 00 45 67 69 6C 6C 20 57 6F 6C 66 6D 61 77 5E 4D 00 00 00 00 01 01 0A 06 00 00 12 2D 00 00 63 82 99 33 87 19 80 64 00 64 00 00 00 00 01 16 0C 00 63 00 08 00 00 0A 0C B1 00 00 0B 05 CB 00 00 14 0B 24 00 00 15 0B 26 00 00 16 0B 25 00 00 17 0B 28 00 00 18 0B 27 00 00 1C 0B 23 00 
[<F_CREATE_MONSTER>(0x72)<103>]0F 99 00 00 08 0B 19 A8 00 0D 1D F9 00 0C BE A7 00 00 06 05 32 02 40 00 00 00 00 00 00 00 00 00 03 E8 00 00 00 00 36 BD 00 06 00 00 01 19 00 54 68 6F 72 73 68 61 66 6E 20 43 69 74 69 7A 65 6E 5E 66 00 01 0A 00 00 00 12 0A 00 0F 99 9D F9 3E A7 19 A8 64 00 64 00 00 00 00 00 0B 08 0F 99 00 01 00 00 0A 21 E8 00 
[<F_CREATE_MONSTER>(0x72)<138>]04 5A 00 00 05 BE 18 E1 00 0D 0B DD 00 0C BC 66 00 00 04 C2 32 02 40 00 00 00 00 00 00 00 00 00 03 E8 00 00 00 00 37 38 00 00 00 00 01 19 00 45 6D 70 69 72 65 20 48 61 6C 62 65 72 64 69 65 72 5E 6D 00 01 0A 00 00 00 14 2B 00 04 5A 8B DD 3C 66 18 E1 4B 02 64 00 00 00 00 00 BE 05 14 01 04 5A 00 06 00 00 0A 05 C1 01 00 14 0C 16 00 1F 00 9E 00 00 15 0C 18 00 00 16 0C 17 01 00 19 0C 1A 00 1F 00 9E 00 00 1C 09 B8 00 
[<F_CREATE_MONSTER>(0x72)<94>]33 43 00 00 03 CE 1D EA 00 0C F0 D5 00 0C B2 E1 00 00 04 43 2B 01 00 00 00 00 00 00 00 00 00 00 03 E8 00 00 00 01 4E 28 00 02 00 00 01 19 00 46 6F 75 6C 20 4E 75 72 67 6C 69 6E 67 5E 6D 00 01 0A 00 00 00 12 05 00 33 43 70 D5 32 E1 1D EA 64 00 64 00 00 00 00 00 CE 03 33 43 00 00 00 
[<F_CREATE_MONSTER>(0x72)<138>]27 07 00 00 02 BA 18 6C 00 0D 10 92 00 0C BB 5D 00 00 04 C2 32 02 40 00 00 00 00 00 00 00 00 00 03 E8 00 00 00 00 37 38 00 01 00 00 01 19 00 45 6D 70 69 72 65 20 48 61 6C 62 65 72 64 69 65 72 5E 6D 00 01 0A 00 00 00 14 2B 00 27 07 90 92 3B 5D 18 6C 4B 02 64 00 00 00 00 00 BA 02 10 01 27 07 00 06 00 00 0A 05 C1 01 00 14 0C 16 00 1F 00 9E 00 00 15 0C 18 00 00 16 0C 17 01 00 19 0C 1A 00 1F 00 9E 00 00 1C 09 B8 00 
[<F_CREATE_MONSTER>(0x72)<104>]25 A4 00 EB 09 30 1D 90 00 0C F5 3F 00 0C B2 9C 00 00 04 43 27 01 00 00 00 00 00 00 00 00 00 00 03 E8 00 00 00 01 4E 28 00 04 00 00 01 19 00 46 6F 75 6C 20 4E 75 72 67 6C 69 6E 67 5E 6D 00 01 0A 00 00 00 1C 05 00 25 A4 75 3F 32 9C 1D 90 36 03 64 00 00 00 00 00 EB 00 00 95 75 F1 31 78 1D 64 A8 23 25 A4 00 00 00 
[<F_CREATE_MONSTER>(0x72)<151>]01 14 00 00 0D BE 18 EB 00 0D 0B 88 00 0C BC 20 00 00 04 C6 32 02 81 00 00 00 00 00 00 00 01 00 03 E8 00 00 00 00 37 3A 00 00 00 00 01 19 00 52 61 76 65 6E 20 42 72 65 61 6B 65 72 5E 6D 00 00 00 80 00 01 0A 00 00 00 14 38 00 01 14 8B 88 3C 20 18 EB 3E 02 64 00 00 00 80 00 BE 0D 5A 04 01 14 00 07 00 00 0A 05 C5 00 00 0B 07 75 01 00 14 0A D2 00 34 00 00 01 00 15 0A D4 00 35 00 34 01 00 16 0A D3 00 34 00 00 01 00 18 0A D5 00 34 00 00 00 00 1C 0A D1 00 
[<F_CREATE_MONSTER>(0x72)<151>]01 1C 00 00 0B 94 18 E6 00 0D 14 67 00 0C B8 4D 00 00 04 C6 32 02 81 00 00 00 00 00 00 00 01 00 03 E8 00 00 00 00 37 3B 00 05 00 00 01 19 00 52 61 76 65 6E 20 42 72 65 61 6B 65 72 5E 6D 00 00 00 80 00 01 0A 00 00 00 14 38 00 01 1C 94 67 38 4D 18 E6 3E 02 64 00 00 00 80 00 94 0B D6 11 01 1C 00 07 00 00 0A 05 C5 00 00 0B 07 75 01 00 14 0A D2 00 34 00 00 01 00 15 0A D4 00 35 00 34 01 00 16 0A D3 00 34 00 00 01 00 18 0A D5 00 34 00 00 00 00 1C 0A D1 00 
[<F_CREATE_MONSTER>(0x72)<151>]01 20 00 00 08 CC 19 9E 00 0D 1F C2 00 0C B9 75 00 00 04 C6 32 02 81 00 00 00 00 00 00 00 01 00 03 E8 00 00 00 00 37 3B 00 02 00 00 01 19 00 52 61 76 65 6E 20 42 72 65 61 6B 65 72 5E 6D 00 00 00 80 00 01 0A 00 00 00 14 38 00 01 20 9F C2 39 75 19 9E 5B 02 64 00 00 00 80 00 CC 08 1D 37 01 20 00 07 00 00 0A 07 14 00 00 0B 07 75 01 00 14 0A D2 00 34 00 00 01 00 15 0A D4 00 35 00 34 01 00 16 0A D3 00 34 00 00 01 00 18 0A D5 00 34 00 00 00 00 1C 0A D1 00 
[<F_CREATE_MONSTER>(0x72)<108>]31 B7 00 00 03 BB 19 A8 00 0D 1E CE 00 0C BD CF 00 00 06 05 32 02 40 00 00 00 00 73 00 00 00 00 03 E8 00 00 00 00 37 3C 00 02 00 00 01 19 00 54 68 6F 72 73 68 61 66 6E 20 43 69 74 69 7A 65 6E 5E 66 00 01 0A 00 00 00 12 0F 00 31 B7 9E CE 3D CF 19 A8 64 00 64 00 00 00 00 00 BB 03 31 B7 02 02 00 00 0B 14 F5 00 00 16 21 ED 00 
[<F_CREATE_MONSTER>(0x72)<138>]1E 79 00 00 0F 65 19 B3 00 0D 1A E5 00 0C BB 1C 00 00 04 C2 32 02 40 00 00 00 00 00 00 00 00 00 03 E8 00 00 00 00 37 39 00 07 00 00 01 19 00 45 6D 70 69 72 65 20 48 61 6C 62 65 72 64 69 65 72 5E 6D 00 01 0A 00 00 00 14 2B 00 1E 79 9A E5 3B 1C 19 B3 4B 02 64 00 00 00 00 00 65 0F 1D 01 1E 79 00 06 00 00 0A 05 C1 01 00 14 0C 16 00 1F 00 9E 00 00 15 0C 18 00 00 16 0C 17 01 00 19 0C 1A 00 1F 00 9E 00 00 1C 09 B8 00 
[<F_CREATE_MONSTER>(0x72)<94>]88 06 47 43 1F D0 D0 E8 1A 21 A7 0C 19 B4 0C 32 00 00 04 43 1E 01 00 00 00 00 00 00 00 00 00 00 03 E8 00 00 00 01 4E 28 00 06 00 00 01 19 00 46 6F 75 6C 20 4E 75 72 67 6C 69 6E 67 5E 6D 00 01 0A 00 00 00 12 05 00 36 7B 70 00 32 C3 1D D8 64 00 64 00 00 00 00 00 9A 09 36 7B 00 00 00 
[<F_CREATE_MONSTER>(0x72)<103>]0E 2F 00 00 0B 33 18 B8 00 0D 10 26 00 0C BF 79 00 00 06 05 32 02 40 00 00 00 00 23 00 00 00 00 03 E8 00 00 00 00 36 C9 00 08 00 00 01 19 00 54 68 6F 72 73 68 61 66 6E 20 43 69 74 69 7A 65 6E 5E 66 00 01 0A 00 00 00 12 0A 00 0E 2F 90 26 3F 79 18 B8 64 00 64 00 00 00 00 00 33 0B 0E 2F 00 01 00 00 0A 21 E8 00 
[<F_CREATE_MONSTER>(0x72)<143>]10 D0 01 13 06 59 24 C6 00 0D 2B 27 00 0C B3 E2 00 00 05 37 34 02 58 00 00 00 00 00 00 00 04 00 03 E8 00 00 00 01 4E 29 00 02 00 00 01 19 00 44 77 61 72 66 65 6E 20 47 79 72 6F 63 6F 70 74 65 72 5E 6D 00 00 B4 01 0A 00 00 00 00 00 00 00 1A 23 00 10 D0 AB 27 33 E2 24 C6 64 01 64 00 00 00 00 00 13 01 00 A9 AA 3C 33 C6 24 64 10 D0 00 06 00 00 14 08 13 00 00 15 07 D3 00 00 16 07 D2 00 00 17 09 E6 00 00 18 07 D4 00 00 1C 07 D0 00 
[<F_CREATE_MONSTER>(0x72)<95>]2B 7E 00 00 04 D9 1D D2 00 0C F1 EA 00 0C B2 B0 00 00 04 43 29 01 00 00 00 00 00 00 00 00 00 00 03 E8 00 00 00 00 00 00 00 06 00 00 02 03 19 00 46 6F 75 6C 20 4E 75 72 67 6C 69 6E 67 5E 6D 00 01 0A 00 00 00 12 05 00 2B 7E 71 EA 32 B0 1D D2 00 00 64 00 00 00 00 00 D9 04 2B 7E 00 00 00 
[<F_CREATE_MONSTER>(0x72)<145>]27 FF 00 00 05 FA 18 CA 00 0D 08 D6 00 0C BF CB 00 00 04 C2 32 02 40 00 00 00 00 00 00 00 00 00 03 E8 00 00 00 00 00 00 00 05 00 00 02 03 19 00 45 6D 70 69 72 65 20 53 70 65 61 72 6D 61 6E 5E 6D 00 01 0A 00 00 00 12 35 00 27 FF 88 D6 3F CB 18 CA 00 00 64 00 00 00 00 00 FA 05 27 FF 00 08 00 00 0A 05 45 00 00 0B 05 5D 01 00 14 0C 1D 00 1F 00 9E 00 00 15 0C 1F 00 00 16 0C 1E 00 00 18 0C 22 01 00 19 0C 21 00 1F 00 9E 00 00 1C 0C 23 00 
[<F_CREATE_MONSTER>(0x72)<102>]22 06 00 55 03 1C 1D 80 00 0C F4 70 00 0C B2 D0 00 00 04 43 30 01 00 00 00 00 00 00 00 00 00 00 03 E8 00 00 00 01 4E 28 00 05 00 00 01 19 00 46 6F 75 6C 20 4E 75 72 67 6C 69 6E 67 5E 6D 00 01 0A 00 00 00 1A 05 00 22 06 74 70 32 D0 1D 80 64 01 64 00 00 00 00 00 55 00 00 6C 74 B9 32 80 1D 64 22 06 00 00 00 
[<F_CREATE_MONSTER>(0x72)<102>]18 92 00 55 0C 4F 1D 90 00 0C F5 31 00 0C B2 CE 00 00 04 43 1A 01 00 00 00 00 00 00 00 00 00 00 03 E8 00 00 00 01 4E 28 00 04 00 00 01 19 00 46 6F 75 6C 20 4E 75 72 67 6C 69 6E 67 5E 6D 00 01 0A 00 00 00 1A 05 00 18 92 75 31 32 CE 1D 90 64 01 64 00 00 00 00 00 55 00 00 33 75 D5 32 90 1D 64 18 92 00 00 00 
[<F_CREATE_MONSTER>(0x72)<104>]0C B3 12 0F 0F 00 00 00 00 00 00 00 00 0C 93 6F 00 00 04 50 32 01 00 00 00 00 00 00 00 00 00 00 03 E8 00 00 00 00 36 F8 00 00 00 00 02 18 19 00 41 77 61 6B 65 6E 65 64 20 53 70 69 72 69 74 5E 6D 00 04 CD 01 0A 00 00 00 12 0A 00 10 65 75 32 13 6F 1E 32 64 00 64 00 00 00 00 00 F4 0D 10 65 00 01 00 00 0A 07 9E 00 
[<F_CREATE_MONSTER>(0x72)<91>]E2 06 FF 40 1F 00 00 5E 00 0D 13 BD 00 0C B0 53 00 00 04 3B 32 02 00 00 00 00 00 00 00 00 09 00 03 E8 00 00 00 00 36 FD 00 01 00 00 01 19 00 52 61 76 65 6E 5E 6D 00 00 00 00 08 02 01 0A 00 00 00 12 05 00 11 ED 93 BD 30 53 18 5E 64 00 64 00 00 00 00 08 E3 0C 11 ED 00 00 00 
[<F_CREATE_MONSTER>(0x72)<102>]00 2D A7 FC 39 8B F1 19 00 00 00 00 00 00 43 46 00 00 03 85 38 01 00 00 00 00 00 00 00 00 00 00 03 E8 00 00 00 01 4E 27 00 08 00 00 01 19 00 46 6F 75 6C 20 4E 75 72 67 6C 69 6E 67 5E 6D 00 01 0A 00 00 00 1A 05 00 2E DA 73 5E 33 5B 1D B0 64 01 64 00 00 00 00 00 55 00 00 7E 73 82 33 A8 1D 64 2E DA 00 00 00 
[<F_CREATE_MONSTER>(0x72)<143>]35 BF 01 13 05 E8 20 BC 00 0D 1E 01 00 0C A5 6D FF 9B 05 37 34 02 78 00 00 00 00 00 00 00 04 00 03 E8 00 00 00 01 4E 29 00 01 00 00 01 19 00 44 77 61 72 66 65 6E 20 47 79 72 6F 63 6F 70 74 65 72 5E 6D 00 00 B4 01 0A 00 00 00 00 00 00 00 1A 23 00 35 BF 9E 01 25 6D 20 BC 64 21 64 00 00 00 00 00 13 01 99 62 9C EB 23 C8 1F 64 35 BF 00 06 00 00 14 08 13 00 00 15 07 D3 00 00 16 07 D2 00 00 17 09 E6 00 00 18 07 D4 00 00 1C 07 D0 00 
[<F_CREATE_MONSTER>(0x72)<138>]35 8B 00 00 07 6C 18 82 00 0D 0E 7B 00 0C BD 48 00 00 04 C2 32 02 40 00 00 00 00 00 00 00 00 00 03 E8 00 00 00 00 37 39 00 06 00 00 01 19 00 45 6D 70 69 72 65 20 48 61 6C 62 65 72 64 69 65 72 5E 6D 00 01 0A 00 00 00 14 2B 00 35 8B 8E 7B 3D 48 18 82 4B 02 64 00 00 00 00 00 6C 07 1E 01 35 8B 00 06 00 00 0A 05 C1 01 00 14 0C 16 00 1F 00 9E 00 00 15 0C 18 00 00 16 0C 17 01 00 19 0C 1A 00 1F 00 9E 00 00 1C 09 B8 00 
[<F_CREATE_MONSTER>(0x72)<102>]06 65 00 E1 0B F9 1D B3 00 0C F1 26 00 0C 8F 38 00 00 00 88 32 02 80 00 00 00 00 00 00 00 00 00 00 00 00 00 00 00 00 00 00 00 00 00 01 19 00 53 71 75 69 67 00 01 0A 00 23 95 1A 0F 00 06 65 71 26 0F 38 1D B3 64 41 64 10 00 00 00 00 E1 00 00 26 71 38 0F B3 1D 64 06 65 00 02 00 00 0A 00 00 00 00 0B 00 00 00 
[<F_CREATE_MONSTER>(0x72)<104>]26 EC 00 EB 08 EB 2D 6F 00 0C EF 06 00 0C 8B 51 00 00 04 50 32 01 00 00 00 00 00 00 00 00 00 00 03 E8 00 00 00 00 36 F8 00 04 00 00 02 18 19 00 41 77 61 6B 65 6E 65 64 20 53 70 69 72 69 74 5E 6D 00 04 CD 01 0A 00 00 00 12 0A 00 26 EC 6F 06 0B 51 2D 6F 64 00 64 00 00 00 00 00 EB 08 26 EC 00 01 00 00 0A 07 9E 00 
[<F_CREATE_MONSTER>(0x72)<127>]00 6D 00 00 01 F4 1C B4 00 0C EC 41 00 0C 8F C6 00 00 03 F7 32 02 80 00 00 00 00 00 00 00 01 00 03 E8 00 00 00 00 36 F6 00 00 00 00 02 05 19 00 56 6F 72 71 75 65 5E 4D 00 00 00 00 03 01 0A 00 00 00 12 28 00 00 6D 6C 41 0F C6 1C B4 64 00 64 00 00 00 00 03 F4 01 00 6D 00 07 00 00 0A 04 1F 00 00 14 0B E0 00 00 15 0B E1 00 00 16 0B E2 00 00 17 12 F5 00 00 18 0B E3 00 00 1C 0B E4 00 
[<F_CREATE_MONSTER>(0x72)<112>]35 8D 00 55 06 8E 1C AE 00 0C E4 92 00 0C 94 25 00 00 04 50 32 01 00 00 00 00 00 00 00 00 00 00 03 E8 00 00 00 00 37 02 00 02 00 00 02 18 19 00 41 77 61 6B 65 6E 65 64 20 53 70 69 72 69 74 5E 6D 00 04 CD 01 0A 00 00 00 1A 0A 00 35 8D 64 92 14 25 1C AE 64 01 64 00 00 00 00 00 55 00 00 C2 64 55 14 AE 1C 64 35 8D 00 01 00 00 0A 07 9E 00 
[<F_CREATE_MONSTER>(0x72)<104>]15 8F 00 EB 0C 74 20 67 00 0C EC 0B 00 0C A6 CD FF C6 04 48 32 02 80 00 00 00 00 00 00 00 01 00 03 E8 00 00 00 00 37 FD 00 03 00 00 01 19 00 50 69 6E 6B 20 48 6F 72 72 6F 72 5E 6D 00 00 00 00 08 01 0A 00 00 00 1A 05 00 15 8F 6C 0B 26 CD 20 67 64 01 64 00 00 00 00 08 EB 00 8E BC 6C ED 26 3A 20 64 15 8F 00 00 00 
[<F_CREATE_MONSTER>(0x72)<105>]31 C8 00 00 0A 31 1D 86 00 0C ED 47 00 0C 8D D7 00 00 04 50 32 01 00 00 00 00 00 00 00 00 00 00 03 E8 00 00 00 00 00 00 00 00 00 00 03 03 18 19 00 41 77 61 6B 65 6E 65 64 20 53 70 69 72 69 74 5E 6D 00 04 CD 01 0A 00 00 00 12 0A 00 31 C8 6D 47 0D D7 1D 86 00 00 64 00 00 00 00 00 31 0A 31 C8 00 01 00 00 0A 07 9E 00 
[<F_CREATE_MONSTER>(0x72)<112>]23 55 00 55 09 5F 1C B0 00 0C E7 91 00 0C 90 D2 00 00 04 50 32 01 00 00 00 00 00 00 00 00 00 00 03 E8 00 00 00 00 37 02 00 05 00 00 02 18 19 00 41 77 61 6B 65 6E 65 64 20 53 70 69 72 69 74 5E 6D 00 04 CD 01 0A 00 00 00 1A 0A 00 23 55 67 91 10 D2 1C B0 64 01 64 00 00 00 00 00 55 00 00 5F 67 EB 10 B6 1C 64 23 55 00 01 00 00 0A 07 9E 00 
[<F_CREATE_MONSTER>(0x72)<112>]29 6A 00 55 05 CC 1C AE 00 0C E9 AA 00 0C 93 16 00 00 04 50 32 01 00 00 00 00 00 00 00 00 00 00 03 E8 00 00 00 00 36 F5 00 02 00 00 02 18 19 00 41 77 61 6B 65 6E 65 64 20 53 70 69 72 69 74 5E 6D 00 04 CD 01 0A 00 00 00 1A 0A 00 29 6A 69 AA 13 16 1C AE 64 01 64 00 00 00 00 00 55 00 00 9C 69 1D 13 AE 1C 64 29 6A 00 01 00 00 0A 07 9E 00 
[<F_CREATE_MONSTER>(0x72)<103>]1F 24 00 55 0D 7F 20 F7 00 0C EB 14 00 0C A6 BD 00 06 05 58 28 02 A0 00 00 00 00 00 00 00 01 00 03 E8 00 00 00 00 37 FD 00 02 00 00 01 19 00 43 68 61 6F 73 20 46 75 72 79 5E 6D 00 00 00 00 08 01 0A 00 00 00 1A 05 00 1F 24 6B 14 26 BD 20 F7 64 20 64 40 00 00 00 08 E6 18 8C 39 00 00 00 00 FB 01 1F 24 00 00 00 
[<F_CREATE_MONSTER>(0x72)<103>]1B 03 C1 42 1F 80 EE 68 BA 5E 1F 0B 19 D0 0E 32 00 06 05 58 28 02 A0 00 00 00 00 00 00 00 01 00 03 E8 00 00 00 00 37 FD 00 02 00 00 01 19 00 43 68 61 6F 73 20 46 75 72 79 5E 6D 00 00 00 00 08 01 0A 00 00 00 1A 05 00 1F 24 6B 14 26 BD 20 F7 64 20 64 40 00 00 00 08 E6 18 8C 39 00 00 00 00 FB 01 1F 24 00 00 00 
[<F_CREATE_MONSTER>(0x72)<91>]01 AC 00 00 0D A4 23 9C 00 0C EE 03 00 0C AA A5 00 00 04 3B 2E 02 00 00 00 00 00 00 00 00 09 00 03 E8 00 00 00 00 37 FB 00 00 00 00 01 19 00 52 61 76 65 6E 5E 6D 00 00 00 00 08 02 01 0A 00 00 00 12 05 00 01 AC 6E 03 2A A5 23 9C 64 00 64 00 00 00 00 08 A4 0D 01 AC 00 00 00 
[<F_CREATE_MONSTER>(0x72)<112>]16 77 00 55 06 C9 1D B2 00 0C EE F5 00 0C 8C B5 00 00 04 50 32 01 00 00 00 00 00 00 00 00 00 00 03 E8 00 00 00 00 36 F8 00 06 00 00 02 18 19 00 41 77 61 6B 65 6E 65 64 20 53 70 69 72 69 74 5E 6D 00 04 CD 01 0A 00 00 00 1A 0A 00 16 77 6E F5 0C B5 1D B2 64 01 64 00 00 00 00 00 55 00 00 2C 6F 7C 0C B4 1D 64 16 77 00 01 00 00 0A 07 9E 00 
[<F_CREATE_MONSTER>(0x72)<112>]2F 38 00 55 0A E1 1C AE 00 0C E5 ED 00 0C 92 A8 00 00 04 50 32 01 00 00 00 00 00 00 00 00 00 00 03 E8 00 00 00 00 37 02 00 03 00 00 02 18 19 00 41 77 61 6B 65 6E 65 64 20 53 70 69 72 69 74 5E 6D 00 04 CD 01 0A 00 00 00 1A 0A 00 2F 38 65 ED 12 A8 1C AE 64 01 64 00 00 00 00 00 55 00 00 AD 65 9F 12 B4 1C 64 2F 38 00 01 00 00 0A 07 9E 00 
[<F_CREATE_STATIC>(0x71)<52>]5C 06 FF 40 1F 00 00 48 00 0D 16 14 00 0C A7 3D 00 2A 1E 00 00 00 75 67 00 00 04 00 00 00 00 00 00 03 5E F0 00 00 00 00 0A 41 6D 6D 75 6E 69 74 69 6F 6E 00 
[<F_CREATE_MONSTER>(0x72)<143>]14 C2 01 13 05 4A 24 FD 00 0D 29 A9 00 0C B3 F1 00 D3 05 37 34 02 78 00 00 00 00 00 00 00 04 00 03 E8 00 00 00 01 4E 29 00 08 00 00 01 19 00 44 77 61 72 66 65 6E 20 47 79 72 6F 63 6F 70 74 65 72 5E 6D 00 00 B4 01 0A 00 00 00 00 00 00 00 1A 23 00 14 C2 A9 A9 33 F1 24 FD 64 21 64 00 00 00 00 00 13 01 34 63 A7 AE 32 0C 27 64 14 C2 00 06 00 00 14 08 13 00 00 15 07 D3 00 00 16 07 D2 00 00 17 09 E6 00 00 18 07 D4 00 00 1C 07 D0 00 
[<F_CREATE_MONSTER>(0x72)<143>]32 14 01 13 05 7E 26 E0 00 0D 27 14 00 0C B3 69 FF AD 05 37 34 02 78 00 00 00 00 00 00 00 04 00 03 E8 00 00 00 01 4E 29 00 04 00 00 01 19 00 44 77 61 72 66 65 6E 20 47 79 72 6F 63 6F 70 74 65 72 5E 6D 00 00 B4 01 0A 00 00 00 00 00 00 00 1A 23 00 32 14 A7 14 33 69 26 E0 64 21 64 00 00 00 00 00 13 01 94 D8 9A 48 2B 6E 22 64 32 14 00 06 00 00 14 08 13 00 00 15 07 D3 00 00 16 07 D2 00 00 17 07 D5 00 00 18 07 D4 00 00 1C 07 D0 00 
[<F_CREATE_MONSTER>(0x72)<144>]11 55 00 00 06 38 1A 72 00 0D 1B 0E 00 0C AE AA 00 00 04 C2 32 02 40 00 00 00 00 00 00 00 00 00 03 E8 00 00 00 00 36 B7 00 00 00 00 01 19 00 45 6D 70 69 72 65 20 53 70 65 61 72 6D 61 6E 5E 6D 00 01 0A 00 00 00 12 35 00 11 55 9B 0E 2E AA 1A 72 64 00 64 00 00 00 00 00 38 06 11 55 00 08 00 00 0A 05 45 00 00 0B 05 5D 01 00 14 0C 1D 00 1F 00 9E 00 00 15 0C 1F 00 00 16 0C 1E 00 00 18 0C 22 01 00 19 0C 21 00 1F 00 9E 00 00 1C 0C 23 00 
[<F_CREATE_MONSTER>(0x72)<137>]02 0A 00 00 0D 11 1E 59 00 0D 17 BF 00 0C A6 CB 00 00 04 C4 32 02 81 00 00 00 00 00 00 00 00 00 03 E8 00 00 00 00 38 73 00 05 00 00 01 19 00 43 6F 6E 73 74 72 75 63 74 20 4B 65 65 70 65 72 5E